dfs -> Result:
total_distance: 198
time: 2.140625
checked_cells_no: 198
memory: 199
path: [((99, 0), 1, 0, 0, inf), ((98, 0), 0, 1, 1, inf), ((97, 0), 0, 2, 2, inf), ((96, 0), 0, 3, 3, inf), ((95, 0), 0, 4, 4, inf), ((94, 0), 0, 5, 5, inf), ((93, 0), 0, 6, 6, inf), ((92, 0), 0, 7, 7, inf), ((91, 0), 0, 8, 8, inf), ((90, 0), 0, 9, 9, inf), ((89, 0), 0, 10, 10, inf), ((88, 0), 0, 11, 11, inf), ((87, 0), 0, 12, 12, inf), ((86, 0), 0, 13, 13, inf), ((85, 0), 0, 14, 14, inf), ((84, 0), 0, 15, 15, inf), ((83, 0), 0, 16, 16, inf), ((82, 0), 0, 17, 17, inf), ((81, 0), 0, 18, 18, inf), ((80, 0), 0, 19, 19, inf), ((79, 0), 0, 20, 20, inf), ((78, 0), 0, 21, 21, inf), ((77, 0), 0, 22, 22, inf), ((76, 0), 0, 23, 23, inf), ((75, 0), 0, 24, 24, inf), ((74, 0), 0, 25, 25, inf), ((73, 0), 0, 26, 26, inf), ((72, 0), 0, 27, 27, inf), ((71, 0), 0, 28, 28, inf), ((70, 0), 0, 29, 29, inf), ((69, 0), 0, 30, 30, inf), ((68, 0), 0, 31, 31, inf), ((67, 0), 0, 32, 32, inf), ((66, 0), 0, 33, 33, inf), ((65, 0), 0, 34, 34, inf), ((64, 0), 0, 35, 35, inf), ((63, 0), 0, 36, 36, inf), ((62, 0), 0, 37, 37, inf), ((61, 0), 0, 38, 38, inf), ((60, 0), 0, 39, 39, inf), ((59, 0), 0, 40, 40, inf), ((58, 0), 0, 41, 41, inf), ((57, 0), 0, 42, 42, inf), ((56, 0), 0, 43, 43, inf), ((55, 0), 0, 44, 44, inf), ((54, 0), 0, 45, 45, inf), ((53, 0), 0, 46, 46, inf), ((52, 0), 0, 47, 47, inf), ((51, 0), 0, 48, 48, inf), ((50, 0), 0, 49, 49, inf), ((49, 0), 0, 50, 50, inf), ((48, 0), 0, 51, 51, inf), ((47, 0), 0, 52, 52, inf), ((46, 0), 0, 53, 53, inf), ((45, 0), 0, 54, 54, inf), ((44, 0), 0, 55, 55, inf), ((43, 0), 0, 56, 56, inf), ((42, 0), 0, 57, 57, inf), ((41, 0), 0, 58, 58, inf), ((40, 0), 0, 59, 59, inf), ((39, 0), 0, 60, 60, inf), ((38, 0), 0, 61, 61, inf), ((37, 0), 0, 62, 62, inf), ((36, 0), 0, 63, 63, inf), ((35, 0), 0, 64, 64, inf), ((34, 0), 0, 65, 65, inf), ((33, 0), 0, 66, 66, inf), ((32, 0), 0, 67, 67, inf), ((31, 0), 0, 68, 68, inf), ((30, 0), 0, 69, 69, inf), ((29, 0), 0, 70, 70, inf), ((28, 0), 0, 71, 71, inf), ((27, 0), 0, 72, 72, inf), ((26, 0), 0, 73, 73, inf), ((25, 0), 0, 74, 74, inf), ((24, 0), 0, 75, 75, inf), ((23, 0), 0, 76, 76, inf), ((22, 0), 0, 77, 77, inf), ((21, 0), 0, 78, 78, inf), ((20, 0), 0, 79, 79, inf), ((19, 0), 0, 80, 80, inf), ((18, 0), 0, 81, 81, inf), ((17, 0), 0, 82, 82, inf), ((16, 0), 0, 83, 83, inf), ((15, 0), 0, 84, 84, inf), ((14, 0), 0, 85, 85, inf), ((13, 0), 0, 86, 86, inf), ((12, 0), 0, 87, 87, inf), ((11, 0), 0, 88, 88, inf), ((10, 0), 0, 89, 89, inf), ((9, 0), 0, 90, 90, inf), ((8, 0), 0, 91, 91, inf), ((7, 0), 0, 92, 92, inf), ((6, 0), 0, 93, 93, inf), ((5, 0), 0, 94, 94, inf), ((4, 0), 0, 95, 95, inf), ((3, 0), 0, 96, 96, inf), ((2, 0), 0, 97, 97, inf), ((1, 0), 0, 98, 98, inf), ((0, 0), 0, 99, 99, inf), ((0, 1), 0, 100, 100, inf), ((0, 2), 0, 101, 101, inf), ((0, 3), 0, 102, 102, inf), ((0, 4), 0, 103, 103, inf), ((0, 5), 0, 104, 104, inf), ((0, 6), 0, 105, 105, inf), ((0, 7), 0, 106, 106, inf), ((0, 8), 0, 107, 107, inf), ((0, 9), 0, 108, 108, inf), ((0, 10), 0, 109, 109, inf), ((0, 11), 0, 110, 110, inf), ((0, 12), 0, 111, 111, inf), ((0, 13), 0, 112, 112, inf), ((0, 14), 0, 113, 113, inf), ((0, 15), 0, 114, 114, inf), ((0, 16), 0, 115, 115, inf), ((0, 17), 0, 116, 116, inf), ((0, 18), 0, 117, 117, inf), ((0, 19), 0, 118, 118, inf), ((0, 20), 0, 119, 119, inf), ((0, 21), 0, 120, 120, inf), ((0, 22), 0, 121, 121, inf), ((0, 23), 0, 122, 122, inf), ((0, 24), 0, 123, 123, inf), ((0, 25), 0, 124, 124, inf), ((0, 26), 0, 125, 125, inf), ((0, 27), 0, 126, 126, inf), ((0, 28), 0, 127, 127, inf), ((0, 29), 0, 128, 128, inf), ((0, 30), 0, 129, 129, inf), ((0, 31), 0, 130, 130, inf), ((0, 32), 0, 131, 131, inf), ((0, 33), 0, 132, 132, inf), ((0, 34), 0, 133, 133, inf), ((0, 35), 0, 134, 134, inf), ((0, 36), 0, 135, 135, inf), ((0, 37), 0, 136, 136, inf), ((0, 38), 0, 137, 137, inf), ((0, 39), 0, 138, 138, inf), ((0, 40), 0, 139, 139, inf), ((0, 41), 0, 140, 140, inf), ((0, 42), 0, 141, 141, inf), ((0, 43), 0, 142, 142, inf), ((0, 44), 0, 143, 143, inf), ((0, 45), 0, 144, 144, inf), ((0, 46), 0, 145, 145, inf), ((0, 47), 0, 146, 146, inf), ((0, 48), 0, 147, 147, inf), ((0, 49), 0, 148, 148, inf), ((0, 50), 0, 149, 149, inf), ((0, 51), 0, 150, 150, inf), ((0, 52), 0, 151, 151, inf), ((0, 53), 0, 152, 152, inf), ((0, 54), 0, 153, 153, inf), ((0, 55), 0, 154, 154, inf), ((0, 56), 0, 155, 155, inf), ((0, 57), 0, 156, 156, inf), ((0, 58), 0, 157, 157, inf), ((0, 59), 0, 158, 158, inf), ((0, 60), 0, 159, 159, inf), ((0, 61), 0, 160, 160, inf), ((0, 62), 0, 161, 161, inf), ((0, 63), 0, 162, 162, inf), ((0, 64), 0, 163, 163, inf), ((0, 65), 0, 164, 164, inf), ((0, 66), 0, 165, 165, inf), ((0, 67), 0, 166, 166, inf), ((0, 68), 0, 167, 167, inf), ((0, 69), 0, 168, 168, inf), ((0, 70), 0, 169, 169, inf), ((0, 71), 0, 170, 170, inf), ((0, 72), 0, 171, 171, inf), ((0, 73), 0, 172, 172, inf), ((0, 74), 0, 173, 173, inf), ((0, 75), 0, 174, 174, inf), ((0, 76), 0, 175, 175, inf), ((0, 77), 0, 176, 176, inf), ((0, 78), 0, 177, 177, inf), ((0, 79), 0, 178, 178, inf), ((0, 80), 0, 179, 179, inf), ((0, 81), 0, 180, 180, inf), ((0, 82), 0, 181, 181, inf), ((0, 83), 0, 182, 182, inf), ((0, 84), 0, 183, 183, inf), ((0, 85), 0, 184, 184, inf), ((0, 86), 0, 185, 185, inf), ((0, 87), 0, 186, 186, inf), ((0, 88), 0, 187, 187, inf), ((0, 89), 0, 188, 188, inf), ((0, 90), 0, 189, 189, inf), ((0, 91), 0, 190, 190, inf), ((0, 92), 0, 191, 191, inf), ((0, 93), 0, 192, 192, inf), ((0, 94), 0, 193, 193, inf), ((0, 95), 0, 194, 194, inf), ((0, 96), 0, 195, 195, inf), ((0, 97), 0, 196, 196, inf), ((0, 98), 0, 197, 197, inf), ((0, 99), 2, 198, 198, inf)]

bfs -> Result:
total_distance: 198
time: 156.9375
checked_cells_no: 9999
memory: 100
path: [((99, 0), 1, 0, 0, inf), ((98, 0), 0, 1, 1, inf), ((97, 0), 0, 2, 2, inf), ((96, 0), 0, 3, 3, inf), ((95, 0), 0, 4, 4, inf), ((94, 0), 0, 5, 5, inf), ((93, 0), 0, 6, 6, inf), ((92, 0), 0, 7, 7, inf), ((91, 0), 0, 8, 8, inf), ((90, 0), 0, 9, 9, inf), ((89, 0), 0, 10, 10, inf), ((88, 0), 0, 11, 11, inf), ((87, 0), 0, 12, 12, inf), ((86, 0), 0, 13, 13, inf), ((85, 0), 0, 14, 14, inf), ((84, 0), 0, 15, 15, inf), ((83, 0), 0, 16, 16, inf), ((82, 0), 0, 17, 17, inf), ((81, 0), 0, 18, 18, inf), ((80, 0), 0, 19, 19, inf), ((79, 0), 0, 20, 20, inf), ((78, 0), 0, 21, 21, inf), ((77, 0), 0, 22, 22, inf), ((76, 0), 0, 23, 23, inf), ((75, 0), 0, 24, 24, inf), ((74, 0), 0, 25, 25, inf), ((73, 0), 0, 26, 26, inf), ((72, 0), 0, 27, 27, inf), ((71, 0), 0, 28, 28, inf), ((70, 0), 0, 29, 29, inf), ((69, 0), 0, 30, 30, inf), ((68, 0), 0, 31, 31, inf), ((67, 0), 0, 32, 32, inf), ((66, 0), 0, 33, 33, inf), ((65, 0), 0, 34, 34, inf), ((64, 0), 0, 35, 35, inf), ((63, 0), 0, 36, 36, inf), ((62, 0), 0, 37, 37, inf), ((61, 0), 0, 38, 38, inf), ((60, 0), 0, 39, 39, inf), ((59, 0), 0, 40, 40, inf), ((58, 0), 0, 41, 41, inf), ((57, 0), 0, 42, 42, inf), ((56, 0), 0, 43, 43, inf), ((55, 0), 0, 44, 44, inf), ((54, 0), 0, 45, 45, inf), ((53, 0), 0, 46, 46, inf), ((52, 0), 0, 47, 47, inf), ((51, 0), 0, 48, 48, inf), ((50, 0), 0, 49, 49, inf), ((49, 0), 0, 50, 50, inf), ((48, 0), 0, 51, 51, inf), ((47, 0), 0, 52, 52, inf), ((46, 0), 0, 53, 53, inf), ((45, 0), 0, 54, 54, inf), ((44, 0), 0, 55, 55, inf), ((43, 0), 0, 56, 56, inf), ((42, 0), 0, 57, 57, inf), ((41, 0), 0, 58, 58, inf), ((40, 0), 0, 59, 59, inf), ((39, 0), 0, 60, 60, inf), ((38, 0), 0, 61, 61, inf), ((37, 0), 0, 62, 62, inf), ((36, 0), 0, 63, 63, inf), ((35, 0), 0, 64, 64, inf), ((34, 0), 0, 65, 65, inf), ((33, 0), 0, 66, 66, inf), ((32, 0), 0, 67, 67, inf), ((31, 0), 0, 68, 68, inf), ((30, 0), 0, 69, 69, inf), ((29, 0), 0, 70, 70, inf), ((28, 0), 0, 71, 71, inf), ((27, 0), 0, 72, 72, inf), ((26, 0), 0, 73, 73, inf), ((25, 0), 0, 74, 74, inf), ((24, 0), 0, 75, 75, inf), ((23, 0), 0, 76, 76, inf), ((22, 0), 0, 77, 77, inf), ((21, 0), 0, 78, 78, inf), ((20, 0), 0, 79, 79, inf), ((19, 0), 0, 80, 80, inf), ((18, 0), 0, 81, 81, inf), ((17, 0), 0, 82, 82, inf), ((16, 0), 0, 83, 83, inf), ((15, 0), 0, 84, 84, inf), ((14, 0), 0, 85, 85, inf), ((13, 0), 0, 86, 86, inf), ((12, 0), 0, 87, 87, inf), ((11, 0), 0, 88, 88, inf), ((10, 0), 0, 89, 89, inf), ((9, 0), 0, 90, 90, inf), ((8, 0), 0, 91, 91, inf), ((7, 0), 0, 92, 92, inf), ((6, 0), 0, 93, 93, inf), ((5, 0), 0, 94, 94, inf), ((4, 0), 0, 95, 95, inf), ((3, 0), 0, 96, 96, inf), ((2, 0), 0, 97, 97, inf), ((1, 0), 0, 98, 98, inf), ((0, 0), 0, 99, 99, inf), ((0, 1), 0, 100, 100, inf), ((0, 2), 0, 101, 101, inf), ((0, 3), 0, 102, 102, inf), ((0, 4), 0, 103, 103, inf), ((0, 5), 0, 104, 104, inf), ((0, 6), 0, 105, 105, inf), ((0, 7), 0, 106, 106, inf), ((0, 8), 0, 107, 107, inf), ((0, 9), 0, 108, 108, inf), ((0, 10), 0, 109, 109, inf), ((0, 11), 0, 110, 110, inf), ((0, 12), 0, 111, 111, inf), ((0, 13), 0, 112, 112, inf), ((0, 14), 0, 113, 113, inf), ((0, 15), 0, 114, 114, inf), ((0, 16), 0, 115, 115, inf), ((0, 17), 0, 116, 116, inf), ((0, 18), 0, 117, 117, inf), ((0, 19), 0, 118, 118, inf), ((0, 20), 0, 119, 119, inf), ((0, 21), 0, 120, 120, inf), ((0, 22), 0, 121, 121, inf), ((0, 23), 0, 122, 122, inf), ((0, 24), 0, 123, 123, inf), ((0, 25), 0, 124, 124, inf), ((0, 26), 0, 125, 125, inf), ((0, 27), 0, 126, 126, inf), ((0, 28), 0, 127, 127, inf), ((0, 29), 0, 128, 128, inf), ((0, 30), 0, 129, 129, inf), ((0, 31), 0, 130, 130, inf), ((0, 32), 0, 131, 131, inf), ((0, 33), 0, 132, 132, inf), ((0, 34), 0, 133, 133, inf), ((0, 35), 0, 134, 134, inf), ((0, 36), 0, 135, 135, inf), ((0, 37), 0, 136, 136, inf), ((0, 38), 0, 137, 137, inf), ((0, 39), 0, 138, 138, inf), ((0, 40), 0, 139, 139, inf), ((0, 41), 0, 140, 140, inf), ((0, 42), 0, 141, 141, inf), ((0, 43), 0, 142, 142, inf), ((0, 44), 0, 143, 143, inf), ((0, 45), 0, 144, 144, inf), ((0, 46), 0, 145, 145, inf), ((0, 47), 0, 146, 146, inf), ((0, 48), 0, 147, 147, inf), ((0, 49), 0, 148, 148, inf), ((0, 50), 0, 149, 149, inf), ((0, 51), 0, 150, 150, inf), ((0, 52), 0, 151, 151, inf), ((0, 53), 0, 152, 152, inf), ((0, 54), 0, 153, 153, inf), ((0, 55), 0, 154, 154, inf), ((0, 56), 0, 155, 155, inf), ((0, 57), 0, 156, 156, inf), ((0, 58), 0, 157, 157, inf), ((0, 59), 0, 158, 158, inf), ((0, 60), 0, 159, 159, inf), ((0, 61), 0, 160, 160, inf), ((0, 62), 0, 161, 161, inf), ((0, 63), 0, 162, 162, inf), ((0, 64), 0, 163, 163, inf), ((0, 65), 0, 164, 164, inf), ((0, 66), 0, 165, 165, inf), ((0, 67), 0, 166, 166, inf), ((0, 68), 0, 167, 167, inf), ((0, 69), 0, 168, 168, inf), ((0, 70), 0, 169, 169, inf), ((0, 71), 0, 170, 170, inf), ((0, 72), 0, 171, 171, inf), ((0, 73), 0, 172, 172, inf), ((0, 74), 0, 173, 173, inf), ((0, 75), 0, 174, 174, inf), ((0, 76), 0, 175, 175, inf), ((0, 77), 0, 176, 176, inf), ((0, 78), 0, 177, 177, inf), ((0, 79), 0, 178, 178, inf), ((0, 80), 0, 179, 179, inf), ((0, 81), 0, 180, 180, inf), ((0, 82), 0, 181, 181, inf), ((0, 83), 0, 182, 182, inf), ((0, 84), 0, 183, 183, inf), ((0, 85), 0, 184, 184, inf), ((0, 86), 0, 185, 185, inf), ((0, 87), 0, 186, 186, inf), ((0, 88), 0, 187, 187, inf), ((0, 89), 0, 188, 188, inf), ((0, 90), 0, 189, 189, inf), ((0, 91), 0, 190, 190, inf), ((0, 92), 0, 191, 191, inf), ((0, 93), 0, 192, 192, inf), ((0, 94), 0, 193, 193, inf), ((0, 95), 0, 194, 194, inf), ((0, 96), 0, 195, 195, inf), ((0, 97), 0, 196, 196, inf), ((0, 98), 0, 197, 197, inf), ((0, 99), 2, 198, 198, inf)]

greedy_best_first_search chebyshev_distance -> Result:
total_distance: 198
time: 2.953125
checked_cells_no: 395
memory: 198
path: [((99, 0), 1, 99, 0, 99), ((98, 0), 0, 99, 1, 99), ((98, 1), 0, 98, 2, 98), ((97, 1), 0, 98, 3, 98), ((97, 2), 0, 97, 4, 97), ((96, 2), 0, 97, 5, 97), ((96, 3), 0, 96, 6, 96), ((95, 3), 0, 96, 7, 96), ((95, 4), 0, 95, 8, 95), ((94, 4), 0, 95, 9, 95), ((94, 5), 0, 94, 10, 94), ((93, 5), 0, 94, 11, 94), ((93, 6), 0, 93, 12, 93), ((92, 6), 0, 93, 13, 93), ((92, 7), 0, 92, 14, 92), ((91, 7), 0, 92, 15, 92), ((91, 8), 0, 91, 16, 91), ((90, 8), 0, 91, 17, 91), ((90, 9), 0, 90, 18, 90), ((89, 9), 0, 90, 19, 90), ((89, 10), 0, 89, 20, 89), ((88, 10), 0, 89, 21, 89), ((88, 11), 0, 88, 22, 88), ((87, 11), 0, 88, 23, 88), ((87, 12), 0, 87, 24, 87), ((86, 12), 0, 87, 25, 87), ((86, 13), 0, 86, 26, 86), ((85, 13), 0, 86, 27, 86), ((85, 14), 0, 85, 28, 85), ((84, 14), 0, 85, 29, 85), ((84, 15), 0, 84, 30, 84), ((83, 15), 0, 84, 31, 84), ((83, 16), 0, 83, 32, 83), ((82, 16), 0, 83, 33, 83), ((82, 17), 0, 82, 34, 82), ((81, 17), 0, 82, 35, 82), ((81, 18), 0, 81, 36, 81), ((80, 18), 0, 81, 37, 81), ((80, 19), 0, 80, 38, 80), ((79, 19), 0, 80, 39, 80), ((79, 20), 0, 79, 40, 79), ((78, 20), 0, 79, 41, 79), ((78, 21), 0, 78, 42, 78), ((77, 21), 0, 78, 43, 78), ((77, 22), 0, 77, 44, 77), ((76, 22), 0, 77, 45, 77), ((76, 23), 0, 76, 46, 76), ((75, 23), 0, 76, 47, 76), ((75, 24), 0, 75, 48, 75), ((74, 24), 0, 75, 49, 75), ((74, 25), 0, 74, 50, 74), ((73, 25), 0, 74, 51, 74), ((73, 26), 0, 73, 52, 73), ((72, 26), 0, 73, 53, 73), ((72, 27), 0, 72, 54, 72), ((71, 27), 0, 72, 55, 72), ((71, 28), 0, 71, 56, 71), ((70, 28), 0, 71, 57, 71), ((70, 29), 0, 70, 58, 70), ((69, 29), 0, 70, 59, 70), ((69, 30), 0, 69, 60, 69), ((68, 30), 0, 69, 61, 69), ((68, 31), 0, 68, 62, 68), ((67, 31), 0, 68, 63, 68), ((67, 32), 0, 67, 64, 67), ((66, 32), 0, 67, 65, 67), ((66, 33), 0, 66, 66, 66), ((65, 33), 0, 66, 67, 66), ((65, 34), 0, 65, 68, 65), ((64, 34), 0, 65, 69, 65), ((64, 35), 0, 64, 70, 64), ((63, 35), 0, 64, 71, 64), ((63, 36), 0, 63, 72, 63), ((62, 36), 0, 63, 73, 63), ((62, 37), 0, 62, 74, 62), ((61, 37), 0, 62, 75, 62), ((61, 38), 0, 61, 76, 61), ((60, 38), 0, 61, 77, 61), ((60, 39), 0, 60, 78, 60), ((59, 39), 0, 60, 79, 60), ((59, 40), 0, 59, 80, 59), ((58, 40), 0, 59, 81, 59), ((58, 41), 0, 58, 82, 58), ((57, 41), 0, 58, 83, 58), ((57, 42), 0, 57, 84, 57), ((56, 42), 0, 57, 85, 57), ((56, 43), 0, 56, 86, 56), ((55, 43), 0, 56, 87, 56), ((55, 44), 0, 55, 88, 55), ((54, 44), 0, 55, 89, 55), ((54, 45), 0, 54, 90, 54), ((53, 45), 0, 54, 91, 54), ((53, 46), 0, 53, 92, 53), ((52, 46), 0, 53, 93, 53), ((52, 47), 0, 52, 94, 52), ((51, 47), 0, 52, 95, 52), ((51, 48), 0, 51, 96, 51), ((50, 48), 0, 51, 97, 51), ((50, 49), 0, 50, 98, 50), ((49, 49), 0, 50, 99, 50), ((49, 50), 0, 49, 100, 49), ((48, 50), 0, 49, 101, 49), ((48, 51), 0, 48, 102, 48), ((47, 51), 0, 48, 103, 48), ((47, 52), 0, 47, 104, 47), ((46, 52), 0, 47, 105, 47), ((46, 53), 0, 46, 106, 46), ((45, 53), 0, 46, 107, 46), ((45, 54), 0, 45, 108, 45), ((44, 54), 0, 45, 109, 45), ((44, 55), 0, 44, 110, 44), ((43, 55), 0, 44, 111, 44), ((43, 56), 0, 43, 112, 43), ((42, 56), 0, 43, 113, 43), ((42, 57), 0, 42, 114, 42), ((41, 57), 0, 42, 115, 42), ((41, 58), 0, 41, 116, 41), ((40, 58), 0, 41, 117, 41), ((40, 59), 0, 40, 118, 40), ((39, 59), 0, 40, 119, 40), ((39, 60), 0, 39, 120, 39), ((38, 60), 0, 39, 121, 39), ((38, 61), 0, 38, 122, 38), ((37, 61), 0, 38, 123, 38), ((37, 62), 0, 37, 124, 37), ((36, 62), 0, 37, 125, 37), ((36, 63), 0, 36, 126, 36), ((35, 63), 0, 36, 127, 36), ((35, 64), 0, 35, 128, 35), ((34, 64), 0, 35, 129, 35), ((34, 65), 0, 34, 130, 34), ((33, 65), 0, 34, 131, 34), ((33, 66), 0, 33, 132, 33), ((32, 66), 0, 33, 133, 33), ((32, 67), 0, 32, 134, 32), ((31, 67), 0, 32, 135, 32), ((31, 68), 0, 31, 136, 31), ((30, 68), 0, 31, 137, 31), ((30, 69), 0, 30, 138, 30), ((29, 69), 0, 30, 139, 30), ((29, 70), 0, 29, 140, 29), ((28, 70), 0, 29, 141, 29), ((28, 71), 0, 28, 142, 28), ((27, 71), 0, 28, 143, 28), ((27, 72), 0, 27, 144, 27), ((26, 72), 0, 27, 145, 27), ((26, 73), 0, 26, 146, 26), ((25, 73), 0, 26, 147, 26), ((25, 74), 0, 25, 148, 25), ((24, 74), 0, 25, 149, 25), ((24, 75), 0, 24, 150, 24), ((23, 75), 0, 24, 151, 24), ((23, 76), 0, 23, 152, 23), ((22, 76), 0, 23, 153, 23), ((22, 77), 0, 22, 154, 22), ((21, 77), 0, 22, 155, 22), ((21, 78), 0, 21, 156, 21), ((20, 78), 0, 21, 157, 21), ((20, 79), 0, 20, 158, 20), ((19, 79), 0, 20, 159, 20), ((19, 80), 0, 19, 160, 19), ((18, 80), 0, 19, 161, 19), ((18, 81), 0, 18, 162, 18), ((17, 81), 0, 18, 163, 18), ((17, 82), 0, 17, 164, 17), ((16, 82), 0, 17, 165, 17), ((16, 83), 0, 16, 166, 16), ((15, 83), 0, 16, 167, 16), ((15, 84), 0, 15, 168, 15), ((14, 84), 0, 15, 169, 15), ((14, 85), 0, 14, 170, 14), ((13, 85), 0, 14, 171, 14), ((13, 86), 0, 13, 172, 13), ((12, 86), 0, 13, 173, 13), ((12, 87), 0, 12, 174, 12), ((11, 87), 0, 12, 175, 12), ((11, 88), 0, 11, 176, 11), ((10, 88), 0, 11, 177, 11), ((10, 89), 0, 10, 178, 10), ((9, 89), 0, 10, 179, 10), ((9, 90), 0, 9, 180, 9), ((8, 90), 0, 9, 181, 9), ((8, 91), 0, 8, 182, 8), ((7, 91), 0, 8, 183, 8), ((7, 92), 0, 7, 184, 7), ((6, 92), 0, 7, 185, 7), ((6, 93), 0, 6, 186, 6), ((5, 93), 0, 6, 187, 6), ((5, 94), 0, 5, 188, 5), ((4, 94), 0, 5, 189, 5), ((4, 95), 0, 4, 190, 4), ((3, 95), 0, 4, 191, 4), ((3, 96), 0, 3, 192, 3), ((2, 96), 0, 3, 193, 3), ((2, 97), 0, 2, 194, 2), ((1, 97), 0, 2, 195, 2), ((1, 98), 0, 1, 196, 1), ((0, 98), 0, 1, 197, 1), ((0, 99), 2, 0, 198, 0)]

greedy_best_first_search manhattan_distance -> Result:
total_distance: 198
time: 2.734375
checked_cells_no: 394
memory: 197
path: [((99, 0), 1, 198, 0, 198), ((98, 0), 0, 197, 1, 197), ((97, 0), 0, 196, 2, 196), ((96, 0), 0, 195, 3, 195), ((95, 0), 0, 194, 4, 194), ((94, 0), 0, 193, 5, 193), ((93, 0), 0, 192, 6, 192), ((92, 0), 0, 191, 7, 191), ((91, 0), 0, 190, 8, 190), ((90, 0), 0, 189, 9, 189), ((89, 0), 0, 188, 10, 188), ((88, 0), 0, 187, 11, 187), ((87, 0), 0, 186, 12, 186), ((86, 0), 0, 185, 13, 185), ((85, 0), 0, 184, 14, 184), ((84, 0), 0, 183, 15, 183), ((83, 0), 0, 182, 16, 182), ((82, 0), 0, 181, 17, 181), ((81, 0), 0, 180, 18, 180), ((80, 0), 0, 179, 19, 179), ((79, 0), 0, 178, 20, 178), ((78, 0), 0, 177, 21, 177), ((77, 0), 0, 176, 22, 176), ((76, 0), 0, 175, 23, 175), ((75, 0), 0, 174, 24, 174), ((74, 0), 0, 173, 25, 173), ((73, 0), 0, 172, 26, 172), ((72, 0), 0, 171, 27, 171), ((71, 0), 0, 170, 28, 170), ((70, 0), 0, 169, 29, 169), ((69, 0), 0, 168, 30, 168), ((68, 0), 0, 167, 31, 167), ((67, 0), 0, 166, 32, 166), ((66, 0), 0, 165, 33, 165), ((65, 0), 0, 164, 34, 164), ((64, 0), 0, 163, 35, 163), ((63, 0), 0, 162, 36, 162), ((62, 0), 0, 161, 37, 161), ((61, 0), 0, 160, 38, 160), ((60, 0), 0, 159, 39, 159), ((59, 0), 0, 158, 40, 158), ((58, 0), 0, 157, 41, 157), ((57, 0), 0, 156, 42, 156), ((56, 0), 0, 155, 43, 155), ((55, 0), 0, 154, 44, 154), ((54, 0), 0, 153, 45, 153), ((53, 0), 0, 152, 46, 152), ((52, 0), 0, 151, 47, 151), ((51, 0), 0, 150, 48, 150), ((50, 0), 0, 149, 49, 149), ((49, 0), 0, 148, 50, 148), ((48, 0), 0, 147, 51, 147), ((47, 0), 0, 146, 52, 146), ((46, 0), 0, 145, 53, 145), ((45, 0), 0, 144, 54, 144), ((44, 0), 0, 143, 55, 143), ((43, 0), 0, 142, 56, 142), ((42, 0), 0, 141, 57, 141), ((41, 0), 0, 140, 58, 140), ((40, 0), 0, 139, 59, 139), ((39, 0), 0, 138, 60, 138), ((38, 0), 0, 137, 61, 137), ((37, 0), 0, 136, 62, 136), ((36, 0), 0, 135, 63, 135), ((35, 0), 0, 134, 64, 134), ((34, 0), 0, 133, 65, 133), ((33, 0), 0, 132, 66, 132), ((32, 0), 0, 131, 67, 131), ((31, 0), 0, 130, 68, 130), ((30, 0), 0, 129, 69, 129), ((29, 0), 0, 128, 70, 128), ((28, 0), 0, 127, 71, 127), ((27, 0), 0, 126, 72, 126), ((26, 0), 0, 125, 73, 125), ((25, 0), 0, 124, 74, 124), ((24, 0), 0, 123, 75, 123), ((23, 0), 0, 122, 76, 122), ((22, 0), 0, 121, 77, 121), ((21, 0), 0, 120, 78, 120), ((20, 0), 0, 119, 79, 119), ((19, 0), 0, 118, 80, 118), ((18, 0), 0, 117, 81, 117), ((17, 0), 0, 116, 82, 116), ((16, 0), 0, 115, 83, 115), ((15, 0), 0, 114, 84, 114), ((14, 0), 0, 113, 85, 113), ((13, 0), 0, 112, 86, 112), ((12, 0), 0, 111, 87, 111), ((11, 0), 0, 110, 88, 110), ((10, 0), 0, 109, 89, 109), ((9, 0), 0, 108, 90, 108), ((8, 0), 0, 107, 91, 107), ((7, 0), 0, 106, 92, 106), ((6, 0), 0, 105, 93, 105), ((5, 0), 0, 104, 94, 104), ((4, 0), 0, 103, 95, 103), ((3, 0), 0, 102, 96, 102), ((2, 0), 0, 101, 97, 101), ((1, 0), 0, 100, 98, 100), ((0, 0), 0, 99, 99, 99), ((0, 1), 0, 98, 100, 98), ((0, 2), 0, 97, 101, 97), ((0, 3), 0, 96, 102, 96), ((0, 4), 0, 95, 103, 95), ((0, 5), 0, 94, 104, 94), ((0, 6), 0, 93, 105, 93), ((0, 7), 0, 92, 106, 92), ((0, 8), 0, 91, 107, 91), ((0, 9), 0, 90, 108, 90), ((0, 10), 0, 89, 109, 89), ((0, 11), 0, 88, 110, 88), ((0, 12), 0, 87, 111, 87), ((0, 13), 0, 86, 112, 86), ((0, 14), 0, 85, 113, 85), ((0, 15), 0, 84, 114, 84), ((0, 16), 0, 83, 115, 83), ((0, 17), 0, 82, 116, 82), ((0, 18), 0, 81, 117, 81), ((0, 19), 0, 80, 118, 80), ((0, 20), 0, 79, 119, 79), ((0, 21), 0, 78, 120, 78), ((0, 22), 0, 77, 121, 77), ((0, 23), 0, 76, 122, 76), ((0, 24), 0, 75, 123, 75), ((0, 25), 0, 74, 124, 74), ((0, 26), 0, 73, 125, 73), ((0, 27), 0, 72, 126, 72), ((0, 28), 0, 71, 127, 71), ((0, 29), 0, 70, 128, 70), ((0, 30), 0, 69, 129, 69), ((0, 31), 0, 68, 130, 68), ((0, 32), 0, 67, 131, 67), ((0, 33), 0, 66, 132, 66), ((0, 34), 0, 65, 133, 65), ((0, 35), 0, 64, 134, 64), ((0, 36), 0, 63, 135, 63), ((0, 37), 0, 62, 136, 62), ((0, 38), 0, 61, 137, 61), ((0, 39), 0, 60, 138, 60), ((0, 40), 0, 59, 139, 59), ((0, 41), 0, 58, 140, 58), ((0, 42), 0, 57, 141, 57), ((0, 43), 0, 56, 142, 56), ((0, 44), 0, 55, 143, 55), ((0, 45), 0, 54, 144, 54), ((0, 46), 0, 53, 145, 53), ((0, 47), 0, 52, 146, 52), ((0, 48), 0, 51, 147, 51), ((0, 49), 0, 50, 148, 50), ((0, 50), 0, 49, 149, 49), ((0, 51), 0, 48, 150, 48), ((0, 52), 0, 47, 151, 47), ((0, 53), 0, 46, 152, 46), ((0, 54), 0, 45, 153, 45), ((0, 55), 0, 44, 154, 44), ((0, 56), 0, 43, 155, 43), ((0, 57), 0, 42, 156, 42), ((0, 58), 0, 41, 157, 41), ((0, 59), 0, 40, 158, 40), ((0, 60), 0, 39, 159, 39), ((0, 61), 0, 38, 160, 38), ((0, 62), 0, 37, 161, 37), ((0, 63), 0, 36, 162, 36), ((0, 64), 0, 35, 163, 35), ((0, 65), 0, 34, 164, 34), ((0, 66), 0, 33, 165, 33), ((0, 67), 0, 32, 166, 32), ((0, 68), 0, 31, 167, 31), ((0, 69), 0, 30, 168, 30), ((0, 70), 0, 29, 169, 29), ((0, 71), 0, 28, 170, 28), ((0, 72), 0, 27, 171, 27), ((0, 73), 0, 26, 172, 26), ((0, 74), 0, 25, 173, 25), ((0, 75), 0, 24, 174, 24), ((0, 76), 0, 23, 175, 23), ((0, 77), 0, 22, 176, 22), ((0, 78), 0, 21, 177, 21), ((0, 79), 0, 20, 178, 20), ((0, 80), 0, 19, 179, 19), ((0, 81), 0, 18, 180, 18), ((0, 82), 0, 17, 181, 17), ((0, 83), 0, 16, 182, 16), ((0, 84), 0, 15, 183, 15), ((0, 85), 0, 14, 184, 14), ((0, 86), 0, 13, 185, 13), ((0, 87), 0, 12, 186, 12), ((0, 88), 0, 11, 187, 11), ((0, 89), 0, 10, 188, 10), ((0, 90), 0, 9, 189, 9), ((0, 91), 0, 8, 190, 8), ((0, 92), 0, 7, 191, 7), ((0, 93), 0, 6, 192, 6), ((0, 94), 0, 5, 193, 5), ((0, 95), 0, 4, 194, 4), ((0, 96), 0, 3, 195, 3), ((0, 97), 0, 2, 196, 2), ((0, 98), 0, 1, 197, 1), ((0, 99), 2, 0, 198, 0)]

greedy_best_first_search euclidean_distance -> Result:
total_distance: 198
time: 2.828125
checked_cells_no: 395
memory: 198
path: [((99, 0), 1, 140.0071426749364, 0, 140.0071426749364), ((98, 0), 0, 139.30183056945089, 1, 139.30183056945089), ((98, 1), 0, 138.59292911256333, 2, 138.59292911256333), ((97, 1), 0, 137.88763541376724, 3, 137.88763541376724), ((97, 2), 0, 137.17871555019022, 4, 137.17871555019022), ((96, 2), 0, 136.4734406395618, 5, 136.4734406395618), ((96, 3), 0, 135.7645019878171, 6, 135.7645019878171), ((95, 3), 0, 135.05924625881784, 7, 135.05924625881784), ((95, 4), 0, 134.35028842544403, 8, 134.35028842544403), ((94, 4), 0, 133.64505228402584, 9, 133.64505228402584), ((94, 5), 0, 132.93607486307093, 10, 132.93607486307093), ((93, 5), 0, 132.23085872821065, 11, 132.23085872821065), ((93, 6), 0, 131.52186130069785, 12, 131.52186130069785), ((92, 6), 0, 130.8166656049603, 13, 130.8166656049603), ((92, 7), 0, 130.10764773832474, 14, 130.10764773832474), ((91, 7), 0, 129.40247292845683, 15, 129.40247292845683), ((91, 8), 0, 128.69343417595164, 16, 128.69343417595164), ((90, 8), 0, 127.98828071350908, 17, 127.98828071350908), ((90, 9), 0, 127.27922061357856, 18, 127.27922061357856), ((89, 9), 0, 126.57408897558773, 19, 126.57408897558773), ((89, 10), 0, 125.86500705120545, 20, 125.86500705120545), ((88, 10), 0, 125.15989773086265, 21, 125.15989773086265), ((88, 11), 0, 124.45079348883236, 22, 124.45079348883236), ((87, 11), 0, 123.7457069962429, 23, 123.7457069962429), ((87, 12), 0, 123.03657992645927, 24, 123.03657992645927), ((86, 12), 0, 122.3315167894194, 25, 122.3315167894194), ((86, 13), 0, 121.62236636408618, 26, 121.62236636408618), ((85, 13), 0, 120.91732712891069, 27, 120.91732712891069), ((85, 14), 0, 120.20815280171308, 28, 120.20815280171308), ((84, 14), 0, 119.50313803411188, 29, 119.50313803411188), ((84, 15), 0, 118.79393923933998, 30, 118.79393923933998), ((83, 15), 0, 118.0889495253472, 31, 118.0889495253472), ((83, 16), 0, 117.37972567696688, 32, 117.37972567696688), ((82, 16), 0, 116.67476162392619, 33, 116.67476162392619), ((82, 17), 0, 115.96551211459379, 34, 115.96551211459379), ((81, 17), 0, 115.26057435220423, 35, 115.26057435220423), ((81, 18), 0, 114.5512985522207, 36, 114.5512985522207), ((80, 18), 0, 113.84638773364749, 37, 113.84638773364749), ((80, 19), 0, 113.13708498984761, 38, 113.13708498984761), ((79, 19), 0, 112.43220179290273, 39, 112.43220179290273), ((79, 20), 0, 111.72287142747452, 40, 111.72287142747452), ((78, 20), 0, 111.01801655587259, 41, 111.01801655587259), ((78, 21), 0, 110.30865786510141, 42, 110.30865786510141), ((77, 21), 0, 109.60383204979651, 43, 109.60383204979651), ((77, 22), 0, 108.89444430272832, 44, 108.89444430272832), ((76, 22), 0, 108.18964830333815, 45, 108.18964830333815), ((76, 23), 0, 107.48023074035522, 46, 107.48023074035522), ((75, 23), 0, 106.77546534667971, 47, 106.77546534667971), ((75, 24), 0, 106.06601717798213, 48, 106.06601717798213), ((74, 24), 0, 105.3612832116238, 49, 105.3612832116238), ((74, 25), 0, 104.65180361560904, 50, 104.65180361560904), ((73, 25), 0, 103.9471019317037, 51, 103.9471019317037), ((73, 26), 0, 103.23759005323593, 52, 103.23759005323593), ((72, 26), 0, 102.53292154230269, 53, 102.53292154230269), ((72, 27), 0, 101.82337649086284, 54, 101.82337649086284), ((71, 27), 0, 101.11874208078342, 55, 101.11874208078342), ((71, 28), 0, 100.40916292848975, 56, 100.40916292848975), ((70, 28), 0, 99.70456358662827, 57, 99.70456358662827), ((70, 29), 0, 98.99494936611666, 58, 98.99494936611666), ((69, 29), 0, 98.29038610159185, 59, 98.29038610159185), ((69, 30), 0, 97.58073580374356, 60, 97.58073580374356), ((68, 30), 0, 96.87620966986684, 61, 96.87620966986684), ((68, 31), 0, 96.16652224137046, 62, 96.16652224137046), ((67, 31), 0, 95.46203433826454, 63, 95.46203433826454), ((67, 32), 0, 94.75230867899737, 64, 94.75230867899737), ((66, 32), 0, 94.04786015641186, 65, 94.04786015641186), ((66, 33), 0, 93.33809511662427, 66, 93.33809511662427), ((65, 33), 0, 92.63368717696602, 67, 92.63368717696602), ((65, 34), 0, 91.92388155425118, 68, 91.92388155425118), ((64, 34), 0, 91.21951545584969, 69, 91.21951545584969), ((64, 35), 0, 90.50966799187809, 70, 90.50966799187809), ((63, 35), 0, 89.80534505250787, 71, 89.80534505250787), ((63, 36), 0, 89.09545442950498, 72, 89.09545442950498), ((62, 36), 0, 88.3911760301898, 73, 88.3911760301898), ((62, 37), 0, 87.68124086713189, 74, 87.68124086713189), ((61, 37), 0, 86.97700845625813, 75, 86.97700845625813), ((61, 38), 0, 86.2670273047588, 76, 86.2670273047588), ((60, 38), 0, 85.56284240252891, 77, 85.56284240252891), ((60, 39), 0, 84.8528137423857, 78, 84.8528137423857), ((59, 39), 0, 84.1486779456457, 79, 84.1486779456457), ((59, 40), 0, 83.43860018001261, 80, 83.43860018001261), ((58, 40), 0, 82.73451516749222, 81, 82.73451516749222), ((58, 41), 0, 82.02438661763951, 82, 82.02438661763951), ((57, 41), 0, 81.32035415564789, 83, 81.32035415564789), ((57, 42), 0, 80.61017305526642, 84, 80.61017305526642), ((56, 42), 0, 79.90619500389191, 85, 79.90619500389191), ((56, 43), 0, 79.19595949289332, 86, 79.19595949289332), ((55, 43), 0, 78.49203781276162, 87, 78.49203781276162), ((55, 44), 0, 77.78174593052023, 88, 77.78174593052023), ((54, 44), 0, 77.07788269017254, 89, 77.07788269017254), ((54, 45), 0, 76.36753236814714, 90, 76.36753236814714), ((53, 45), 0, 75.66372975210778, 91, 75.66372975210778), ((53, 46), 0, 74.95331880577403, 92, 74.95331880577403), ((52, 46), 0, 74.24957912338628, 93, 74.24957912338628), ((52, 47), 0, 73.53910524340094, 94, 73.53910524340094), ((51, 47), 0, 72.83543093852057, 95, 72.83543093852057), ((51, 48), 0, 72.12489168102785, 96, 72.12489168102785), ((50, 48), 0, 71.42128534267638, 97, 71.42128534267638), ((50, 49), 0, 70.71067811865476, 98, 70.71067811865476), ((49, 49), 0, 70.00714249274856, 99, 70.00714249274856), ((49, 50), 0, 69.29646455628166, 100, 69.29646455628166), ((48, 50), 0, 68.59300255857006, 101, 68.59300255857006), ((48, 51), 0, 67.88225099390856, 102, 67.88225099390856), ((47, 51), 0, 67.17886572427373, 103, 67.17886572427373), ((47, 52), 0, 66.46803743153546, 104, 66.46803743153546), ((46, 52), 0, 65.76473218982953, 105, 65.76473218982953), ((46, 53), 0, 65.05382386916237, 106, 65.05382386916237), ((45, 53), 0, 64.35060217278468, 107, 64.35060217278468), ((45, 54), 0, 63.63961030678928, 108, 63.63961030678928), ((44, 54), 0, 62.93647591023825, 109, 62.93647591023825), ((44, 55), 0, 62.22539674441618, 110, 62.22539674441618), ((43, 55), 0, 61.5223536610881, 111, 61.5223536610881), ((43, 56), 0, 60.81118318204309, 112, 60.81118318204309), ((42, 56), 0, 60.108235708594876, 113, 60.108235708594876), ((42, 57), 0, 59.39696961966999, 114, 59.39696961966999), ((41, 57), 0, 58.69412236331676, 115, 58.69412236331676), ((41, 58), 0, 57.982756057296896, 116, 57.982756057296896), ((40, 58), 0, 57.28001396647874, 117, 57.28001396647874), ((40, 59), 0, 56.568542494923804, 118, 56.568542494923804), ((39, 59), 0, 55.86591089385369, 119, 55.86591089385369), ((39, 60), 0, 55.154328932550705, 120, 55.154328932550705), ((38, 60), 0, 54.45181356024793, 121, 54.45181356024793), ((38, 61), 0, 53.74011537017761, 122, 53.74011537017761), ((37, 61), 0, 53.03772242470448, 123, 53.03772242470448), ((37, 62), 0, 52.32590180780452, 124, 52.32590180780452), ((36, 62), 0, 51.62363799656123, 125, 51.62363799656123), ((36, 63), 0, 50.91168824543142, 126, 50.91168824543142), ((35, 63), 0, 50.20956084253277, 127, 50.20956084253277), ((35, 64), 0, 49.49747468305833, 128, 49.49747468305833), ((34, 64), 0, 48.79549159502341, 129, 48.79549159502341), ((34, 65), 0, 48.08326112068523, 130, 48.08326112068523), ((33, 65), 0, 47.38143096192854, 131, 47.38143096192854), ((33, 66), 0, 46.66904755831214, 132, 46.66904755831214), ((32, 66), 0, 45.967379738244816, 133, 45.967379738244816), ((32, 67), 0, 45.254833995939045, 134, 45.254833995939045), ((31, 67), 0, 44.553338819890925, 135, 44.553338819890925), ((31, 68), 0, 43.840620433565945, 136, 43.840620433565945), ((30, 68), 0, 43.139309220245984, 137, 43.139309220245984), ((30, 69), 0, 42.42640687119285, 138, 42.42640687119285), ((29, 69), 0, 41.72529209005013, 139, 41.72529209005013), ((29, 70), 0, 41.012193308819754, 140, 41.012193308819754), ((28, 70), 0, 40.311288741492746, 141, 40.311288741492746), ((28, 71), 0, 39.59797974644666, 142, 39.59797974644666), ((27, 71), 0, 38.897300677553446, 143, 38.897300677553446), ((27, 72), 0, 38.18376618407357, 144, 38.18376618407357), ((26, 72), 0, 37.48332962798263, 145, 37.48332962798263), ((26, 73), 0, 36.76955262170047, 146, 36.76955262170047), ((25, 73), 0, 36.069377593742864, 147, 36.069377593742864), ((25, 74), 0, 35.35533905932738, 148, 35.35533905932738), ((24, 74), 0, 34.655446902326915, 149, 34.655446902326915), ((24, 75), 0, 33.94112549695428, 150, 33.94112549695428), ((23, 75), 0, 33.24154027718932, 151, 33.24154027718932), ((23, 76), 0, 32.526911934581186, 152, 32.526911934581186), ((22, 76), 0, 31.827660925679098, 153, 31.827660925679098), ((22, 77), 0, 31.11269837220809, 154, 31.11269837220809), ((21, 77), 0, 30.4138126514911, 155, 30.4138126514911), ((21, 78), 0, 29.698484809834994, 156, 29.698484809834994), ((20, 78), 0, 29.0, 157, 29.0), ((20, 79), 0, 28.284271247461902, 158, 28.284271247461902), ((19, 79), 0, 27.586228448267445, 159, 27.586228448267445), ((19, 80), 0, 26.870057685088806, 160, 26.870057685088806), ((18, 80), 0, 26.1725046566048, 161, 26.1725046566048), ((18, 81), 0, 25.45584412271571, 162, 25.45584412271571), ((17, 81), 0, 24.758836806279895, 163, 24.758836806279895), ((17, 82), 0, 24.041630560342615, 164, 24.041630560342615), ((16, 82), 0, 23.345235059857504, 165, 23.345235059857504), ((16, 83), 0, 22.627416997969522, 166, 22.627416997969522), ((15, 83), 0, 21.93171219946131, 167, 21.93171219946131), ((15, 84), 0, 21.213203435596427, 168, 21.213203435596427), ((14, 84), 0, 20.518284528683193, 169, 20.518284528683193), ((14, 85), 0, 19.79898987322333, 170, 19.79898987322333), ((13, 85), 0, 19.1049731745428, 171, 19.1049731745428), ((13, 86), 0, 18.384776310850235, 172, 18.384776310850235), ((12, 86), 0, 17.69180601295413, 173, 17.69180601295413), ((12, 87), 0, 16.97056274847714, 174, 16.97056274847714), ((11, 87), 0, 16.278820596099706, 175, 16.278820596099706), ((11, 88), 0, 15.556349186104045, 176, 15.556349186104045), ((10, 88), 0, 14.866068747318506, 177, 14.866068747318506), ((10, 89), 0, 14.142135623730951, 178, 14.142135623730951), ((9, 89), 0, 13.45362404707371, 179, 13.45362404707371), ((9, 90), 0, 12.727922061357855, 180, 12.727922061357855), ((8, 90), 0, 12.041594578792296, 181, 12.041594578792296), ((8, 91), 0, 11.313708498984761, 182, 11.313708498984761), ((7, 91), 0, 10.63014581273465, 183, 10.63014581273465), ((7, 92), 0, 9.899494936611665, 184, 9.899494936611665), ((6, 92), 0, 9.219544457292887, 185, 9.219544457292887), ((6, 93), 0, 8.48528137423857, 186, 8.48528137423857), ((5, 93), 0, 7.810249675906654, 187, 7.810249675906654), ((5, 94), 0, 7.0710678118654755, 188, 7.0710678118654755), ((4, 94), 0, 6.4031242374328485, 189, 6.4031242374328485), ((4, 95), 0, 5.656854249492381, 190, 5.656854249492381), ((3, 95), 0, 5.0, 191, 5.0), ((3, 96), 0, 4.242640687119285, 192, 4.242640687119285), ((2, 96), 0, 3.605551275463989, 193, 3.605551275463989), ((2, 97), 0, 2.8284271247461903, 194, 2.8284271247461903), ((1, 97), 0, 2.23606797749979, 195, 2.23606797749979), ((1, 98), 0, 1.4142135623730951, 196, 1.4142135623730951), ((0, 98), 0, 1.0, 197, 1.0), ((0, 99), 2, 0.0, 198, 0.0)]

a_star chebyshev_distance -> Result:
total_distance: 198
time: 125.671875
checked_cells_no: 9999
memory: 198
path: [((99, 0), 1, 99, 0, 99), ((98, 0), 0, 100, 1, 99), ((98, 1), 0, 100, 2, 98), ((97, 1), 0, 101, 3, 98), ((97, 2), 0, 101, 4, 97), ((96, 2), 0, 102, 5, 97), ((96, 3), 0, 102, 6, 96), ((95, 3), 0, 103, 7, 96), ((95, 4), 0, 103, 8, 95), ((94, 4), 0, 104, 9, 95), ((94, 5), 0, 104, 10, 94), ((93, 5), 0, 105, 11, 94), ((93, 6), 0, 105, 12, 93), ((92, 6), 0, 106, 13, 93), ((92, 7), 0, 106, 14, 92), ((91, 7), 0, 107, 15, 92), ((91, 8), 0, 107, 16, 91), ((90, 8), 0, 108, 17, 91), ((90, 9), 0, 108, 18, 90), ((89, 9), 0, 109, 19, 90), ((89, 10), 0, 109, 20, 89), ((88, 10), 0, 110, 21, 89), ((88, 11), 0, 110, 22, 88), ((87, 11), 0, 111, 23, 88), ((87, 12), 0, 111, 24, 87), ((86, 12), 0, 112, 25, 87), ((86, 13), 0, 112, 26, 86), ((85, 13), 0, 113, 27, 86), ((85, 14), 0, 113, 28, 85), ((84, 14), 0, 114, 29, 85), ((84, 15), 0, 114, 30, 84), ((83, 15), 0, 115, 31, 84), ((83, 16), 0, 115, 32, 83), ((82, 16), 0, 116, 33, 83), ((82, 17), 0, 116, 34, 82), ((81, 17), 0, 117, 35, 82), ((81, 18), 0, 117, 36, 81), ((80, 18), 0, 118, 37, 81), ((80, 19), 0, 118, 38, 80), ((79, 19), 0, 119, 39, 80), ((79, 20), 0, 119, 40, 79), ((78, 20), 0, 120, 41, 79), ((78, 21), 0, 120, 42, 78), ((77, 21), 0, 121, 43, 78), ((77, 22), 0, 121, 44, 77), ((76, 22), 0, 122, 45, 77), ((76, 23), 0, 122, 46, 76), ((75, 23), 0, 123, 47, 76), ((75, 24), 0, 123, 48, 75), ((74, 24), 0, 124, 49, 75), ((74, 25), 0, 124, 50, 74), ((73, 25), 0, 125, 51, 74), ((73, 26), 0, 125, 52, 73), ((72, 26), 0, 126, 53, 73), ((72, 27), 0, 126, 54, 72), ((71, 27), 0, 127, 55, 72), ((71, 28), 0, 127, 56, 71), ((70, 28), 0, 128, 57, 71), ((70, 29), 0, 128, 58, 70), ((69, 29), 0, 129, 59, 70), ((69, 30), 0, 129, 60, 69), ((68, 30), 0, 130, 61, 69), ((68, 31), 0, 130, 62, 68), ((67, 31), 0, 131, 63, 68), ((67, 32), 0, 131, 64, 67), ((66, 32), 0, 132, 65, 67), ((66, 33), 0, 132, 66, 66), ((65, 33), 0, 133, 67, 66), ((65, 34), 0, 133, 68, 65), ((64, 34), 0, 134, 69, 65), ((64, 35), 0, 134, 70, 64), ((63, 35), 0, 135, 71, 64), ((63, 36), 0, 135, 72, 63), ((62, 36), 0, 136, 73, 63), ((62, 37), 0, 136, 74, 62), ((61, 37), 0, 137, 75, 62), ((61, 38), 0, 137, 76, 61), ((60, 38), 0, 138, 77, 61), ((60, 39), 0, 138, 78, 60), ((59, 39), 0, 139, 79, 60), ((59, 40), 0, 139, 80, 59), ((58, 40), 0, 140, 81, 59), ((58, 41), 0, 140, 82, 58), ((57, 41), 0, 141, 83, 58), ((57, 42), 0, 141, 84, 57), ((56, 42), 0, 142, 85, 57), ((56, 43), 0, 142, 86, 56), ((55, 43), 0, 143, 87, 56), ((55, 44), 0, 143, 88, 55), ((54, 44), 0, 144, 89, 55), ((54, 45), 0, 144, 90, 54), ((53, 45), 0, 145, 91, 54), ((53, 46), 0, 145, 92, 53), ((52, 46), 0, 146, 93, 53), ((52, 47), 0, 146, 94, 52), ((51, 47), 0, 147, 95, 52), ((51, 48), 0, 147, 96, 51), ((50, 48), 0, 148, 97, 51), ((50, 49), 0, 148, 98, 50), ((49, 49), 0, 149, 99, 50), ((49, 50), 0, 149, 100, 49), ((48, 50), 0, 150, 101, 49), ((48, 51), 0, 150, 102, 48), ((47, 51), 0, 151, 103, 48), ((47, 52), 0, 151, 104, 47), ((46, 52), 0, 152, 105, 47), ((46, 53), 0, 152, 106, 46), ((45, 53), 0, 153, 107, 46), ((45, 54), 0, 153, 108, 45), ((44, 54), 0, 154, 109, 45), ((44, 55), 0, 154, 110, 44), ((43, 55), 0, 155, 111, 44), ((43, 56), 0, 155, 112, 43), ((42, 56), 0, 156, 113, 43), ((42, 57), 0, 156, 114, 42), ((41, 57), 0, 157, 115, 42), ((41, 58), 0, 157, 116, 41), ((40, 58), 0, 158, 117, 41), ((40, 59), 0, 158, 118, 40), ((39, 59), 0, 159, 119, 40), ((39, 60), 0, 159, 120, 39), ((38, 60), 0, 160, 121, 39), ((38, 61), 0, 160, 122, 38), ((37, 61), 0, 161, 123, 38), ((37, 62), 0, 161, 124, 37), ((36, 62), 0, 162, 125, 37), ((36, 63), 0, 162, 126, 36), ((35, 63), 0, 163, 127, 36), ((35, 64), 0, 163, 128, 35), ((34, 64), 0, 164, 129, 35), ((34, 65), 0, 164, 130, 34), ((33, 65), 0, 165, 131, 34), ((33, 66), 0, 165, 132, 33), ((32, 66), 0, 166, 133, 33), ((32, 67), 0, 166, 134, 32), ((31, 67), 0, 167, 135, 32), ((31, 68), 0, 167, 136, 31), ((30, 68), 0, 168, 137, 31), ((30, 69), 0, 168, 138, 30), ((29, 69), 0, 169, 139, 30), ((29, 70), 0, 169, 140, 29), ((28, 70), 0, 170, 141, 29), ((28, 71), 0, 170, 142, 28), ((27, 71), 0, 171, 143, 28), ((27, 72), 0, 171, 144, 27), ((26, 72), 0, 172, 145, 27), ((26, 73), 0, 172, 146, 26), ((25, 73), 0, 173, 147, 26), ((25, 74), 0, 173, 148, 25), ((24, 74), 0, 174, 149, 25), ((24, 75), 0, 174, 150, 24), ((23, 75), 0, 175, 151, 24), ((23, 76), 0, 175, 152, 23), ((22, 76), 0, 176, 153, 23), ((22, 77), 0, 176, 154, 22), ((21, 77), 0, 177, 155, 22), ((21, 78), 0, 177, 156, 21), ((20, 78), 0, 178, 157, 21), ((20, 79), 0, 178, 158, 20), ((19, 79), 0, 179, 159, 20), ((19, 80), 0, 179, 160, 19), ((18, 80), 0, 180, 161, 19), ((18, 81), 0, 180, 162, 18), ((17, 81), 0, 181, 163, 18), ((17, 82), 0, 181, 164, 17), ((16, 82), 0, 182, 165, 17), ((16, 83), 0, 182, 166, 16), ((15, 83), 0, 183, 167, 16), ((15, 84), 0, 183, 168, 15), ((14, 84), 0, 184, 169, 15), ((14, 85), 0, 184, 170, 14), ((13, 85), 0, 185, 171, 14), ((13, 86), 0, 185, 172, 13), ((12, 86), 0, 186, 173, 13), ((12, 87), 0, 186, 174, 12), ((11, 87), 0, 187, 175, 12), ((11, 88), 0, 187, 176, 11), ((10, 88), 0, 188, 177, 11), ((10, 89), 0, 188, 178, 10), ((9, 89), 0, 189, 179, 10), ((9, 90), 0, 189, 180, 9), ((8, 90), 0, 190, 181, 9), ((8, 91), 0, 190, 182, 8), ((7, 91), 0, 191, 183, 8), ((7, 92), 0, 191, 184, 7), ((6, 92), 0, 192, 185, 7), ((6, 93), 0, 192, 186, 6), ((5, 93), 0, 193, 187, 6), ((5, 94), 0, 193, 188, 5), ((4, 94), 0, 194, 189, 5), ((4, 95), 0, 194, 190, 4), ((3, 95), 0, 195, 191, 4), ((3, 96), 0, 195, 192, 3), ((2, 96), 0, 196, 193, 3), ((2, 97), 0, 196, 194, 2), ((1, 97), 0, 197, 195, 2), ((1, 98), 0, 197, 196, 1), ((0, 98), 0, 198, 197, 1), ((0, 99), 2, 198, 198, 0)]

a_star manhattan_distance -> Result:
total_distance: 198
time: 2.28125
checked_cells_no: 394
memory: 197
path: [((99, 0), 1, 198, 0, 198), ((98, 0), 0, 198, 1, 197), ((97, 0), 0, 198, 2, 196), ((96, 0), 0, 198, 3, 195), ((95, 0), 0, 198, 4, 194), ((94, 0), 0, 198, 5, 193), ((93, 0), 0, 198, 6, 192), ((92, 0), 0, 198, 7, 191), ((91, 0), 0, 198, 8, 190), ((90, 0), 0, 198, 9, 189), ((89, 0), 0, 198, 10, 188), ((88, 0), 0, 198, 11, 187), ((87, 0), 0, 198, 12, 186), ((86, 0), 0, 198, 13, 185), ((85, 0), 0, 198, 14, 184), ((84, 0), 0, 198, 15, 183), ((83, 0), 0, 198, 16, 182), ((82, 0), 0, 198, 17, 181), ((81, 0), 0, 198, 18, 180), ((80, 0), 0, 198, 19, 179), ((79, 0), 0, 198, 20, 178), ((78, 0), 0, 198, 21, 177), ((77, 0), 0, 198, 22, 176), ((76, 0), 0, 198, 23, 175), ((75, 0), 0, 198, 24, 174), ((74, 0), 0, 198, 25, 173), ((73, 0), 0, 198, 26, 172), ((72, 0), 0, 198, 27, 171), ((71, 0), 0, 198, 28, 170), ((70, 0), 0, 198, 29, 169), ((69, 0), 0, 198, 30, 168), ((68, 0), 0, 198, 31, 167), ((67, 0), 0, 198, 32, 166), ((66, 0), 0, 198, 33, 165), ((65, 0), 0, 198, 34, 164), ((64, 0), 0, 198, 35, 163), ((63, 0), 0, 198, 36, 162), ((62, 0), 0, 198, 37, 161), ((61, 0), 0, 198, 38, 160), ((60, 0), 0, 198, 39, 159), ((59, 0), 0, 198, 40, 158), ((58, 0), 0, 198, 41, 157), ((57, 0), 0, 198, 42, 156), ((56, 0), 0, 198, 43, 155), ((55, 0), 0, 198, 44, 154), ((54, 0), 0, 198, 45, 153), ((53, 0), 0, 198, 46, 152), ((52, 0), 0, 198, 47, 151), ((51, 0), 0, 198, 48, 150), ((50, 0), 0, 198, 49, 149), ((49, 0), 0, 198, 50, 148), ((48, 0), 0, 198, 51, 147), ((47, 0), 0, 198, 52, 146), ((46, 0), 0, 198, 53, 145), ((45, 0), 0, 198, 54, 144), ((44, 0), 0, 198, 55, 143), ((43, 0), 0, 198, 56, 142), ((42, 0), 0, 198, 57, 141), ((41, 0), 0, 198, 58, 140), ((40, 0), 0, 198, 59, 139), ((39, 0), 0, 198, 60, 138), ((38, 0), 0, 198, 61, 137), ((37, 0), 0, 198, 62, 136), ((36, 0), 0, 198, 63, 135), ((35, 0), 0, 198, 64, 134), ((34, 0), 0, 198, 65, 133), ((33, 0), 0, 198, 66, 132), ((32, 0), 0, 198, 67, 131), ((31, 0), 0, 198, 68, 130), ((30, 0), 0, 198, 69, 129), ((29, 0), 0, 198, 70, 128), ((28, 0), 0, 198, 71, 127), ((27, 0), 0, 198, 72, 126), ((26, 0), 0, 198, 73, 125), ((25, 0), 0, 198, 74, 124), ((24, 0), 0, 198, 75, 123), ((23, 0), 0, 198, 76, 122), ((22, 0), 0, 198, 77, 121), ((21, 0), 0, 198, 78, 120), ((20, 0), 0, 198, 79, 119), ((19, 0), 0, 198, 80, 118), ((18, 0), 0, 198, 81, 117), ((17, 0), 0, 198, 82, 116), ((16, 0), 0, 198, 83, 115), ((15, 0), 0, 198, 84, 114), ((14, 0), 0, 198, 85, 113), ((13, 0), 0, 198, 86, 112), ((12, 0), 0, 198, 87, 111), ((11, 0), 0, 198, 88, 110), ((10, 0), 0, 198, 89, 109), ((9, 0), 0, 198, 90, 108), ((8, 0), 0, 198, 91, 107), ((7, 0), 0, 198, 92, 106), ((6, 0), 0, 198, 93, 105), ((5, 0), 0, 198, 94, 104), ((4, 0), 0, 198, 95, 103), ((3, 0), 0, 198, 96, 102), ((2, 0), 0, 198, 97, 101), ((1, 0), 0, 198, 98, 100), ((0, 0), 0, 198, 99, 99), ((0, 1), 0, 198, 100, 98), ((0, 2), 0, 198, 101, 97), ((0, 3), 0, 198, 102, 96), ((0, 4), 0, 198, 103, 95), ((0, 5), 0, 198, 104, 94), ((0, 6), 0, 198, 105, 93), ((0, 7), 0, 198, 106, 92), ((0, 8), 0, 198, 107, 91), ((0, 9), 0, 198, 108, 90), ((0, 10), 0, 198, 109, 89), ((0, 11), 0, 198, 110, 88), ((0, 12), 0, 198, 111, 87), ((0, 13), 0, 198, 112, 86), ((0, 14), 0, 198, 113, 85), ((0, 15), 0, 198, 114, 84), ((0, 16), 0, 198, 115, 83), ((0, 17), 0, 198, 116, 82), ((0, 18), 0, 198, 117, 81), ((0, 19), 0, 198, 118, 80), ((0, 20), 0, 198, 119, 79), ((0, 21), 0, 198, 120, 78), ((0, 22), 0, 198, 121, 77), ((0, 23), 0, 198, 122, 76), ((0, 24), 0, 198, 123, 75), ((0, 25), 0, 198, 124, 74), ((0, 26), 0, 198, 125, 73), ((0, 27), 0, 198, 126, 72), ((0, 28), 0, 198, 127, 71), ((0, 29), 0, 198, 128, 70), ((0, 30), 0, 198, 129, 69), ((0, 31), 0, 198, 130, 68), ((0, 32), 0, 198, 131, 67), ((0, 33), 0, 198, 132, 66), ((0, 34), 0, 198, 133, 65), ((0, 35), 0, 198, 134, 64), ((0, 36), 0, 198, 135, 63), ((0, 37), 0, 198, 136, 62), ((0, 38), 0, 198, 137, 61), ((0, 39), 0, 198, 138, 60), ((0, 40), 0, 198, 139, 59), ((0, 41), 0, 198, 140, 58), ((0, 42), 0, 198, 141, 57), ((0, 43), 0, 198, 142, 56), ((0, 44), 0, 198, 143, 55), ((0, 45), 0, 198, 144, 54), ((0, 46), 0, 198, 145, 53), ((0, 47), 0, 198, 146, 52), ((0, 48), 0, 198, 147, 51), ((0, 49), 0, 198, 148, 50), ((0, 50), 0, 198, 149, 49), ((0, 51), 0, 198, 150, 48), ((0, 52), 0, 198, 151, 47), ((0, 53), 0, 198, 152, 46), ((0, 54), 0, 198, 153, 45), ((0, 55), 0, 198, 154, 44), ((0, 56), 0, 198, 155, 43), ((0, 57), 0, 198, 156, 42), ((0, 58), 0, 198, 157, 41), ((0, 59), 0, 198, 158, 40), ((0, 60), 0, 198, 159, 39), ((0, 61), 0, 198, 160, 38), ((0, 62), 0, 198, 161, 37), ((0, 63), 0, 198, 162, 36), ((0, 64), 0, 198, 163, 35), ((0, 65), 0, 198, 164, 34), ((0, 66), 0, 198, 165, 33), ((0, 67), 0, 198, 166, 32), ((0, 68), 0, 198, 167, 31), ((0, 69), 0, 198, 168, 30), ((0, 70), 0, 198, 169, 29), ((0, 71), 0, 198, 170, 28), ((0, 72), 0, 198, 171, 27), ((0, 73), 0, 198, 172, 26), ((0, 74), 0, 198, 173, 25), ((0, 75), 0, 198, 174, 24), ((0, 76), 0, 198, 175, 23), ((0, 77), 0, 198, 176, 22), ((0, 78), 0, 198, 177, 21), ((0, 79), 0, 198, 178, 20), ((0, 80), 0, 198, 179, 19), ((0, 81), 0, 198, 180, 18), ((0, 82), 0, 198, 181, 17), ((0, 83), 0, 198, 182, 16), ((0, 84), 0, 198, 183, 15), ((0, 85), 0, 198, 184, 14), ((0, 86), 0, 198, 185, 13), ((0, 87), 0, 198, 186, 12), ((0, 88), 0, 198, 187, 11), ((0, 89), 0, 198, 188, 10), ((0, 90), 0, 198, 189, 9), ((0, 91), 0, 198, 190, 8), ((0, 92), 0, 198, 191, 7), ((0, 93), 0, 198, 192, 6), ((0, 94), 0, 198, 193, 5), ((0, 95), 0, 198, 194, 4), ((0, 96), 0, 198, 195, 3), ((0, 97), 0, 198, 196, 2), ((0, 98), 0, 198, 197, 1), ((0, 99), 2, 198, 198, 0)]

a_star euclidean_distance -> Result:
total_distance: 198
time: 131.171875
checked_cells_no: 9999
memory: 198
path: [((99, 0), 1, 140.0071426749364, 0, 140.0071426749364), ((98, 0), 0, 140.30183056945089, 1, 139.30183056945089), ((98, 1), 0, 140.59292911256333, 2, 138.59292911256333), ((97, 1), 0, 140.88763541376724, 3, 137.88763541376724), ((97, 2), 0, 141.17871555019022, 4, 137.17871555019022), ((96, 2), 0, 141.4734406395618, 5, 136.4734406395618), ((96, 3), 0, 141.7645019878171, 6, 135.7645019878171), ((95, 3), 0, 142.05924625881784, 7, 135.05924625881784), ((95, 4), 0, 142.35028842544403, 8, 134.35028842544403), ((94, 4), 0, 142.64505228402584, 9, 133.64505228402584), ((94, 5), 0, 142.93607486307093, 10, 132.93607486307093), ((93, 5), 0, 143.23085872821065, 11, 132.23085872821065), ((93, 6), 0, 143.52186130069785, 12, 131.52186130069785), ((92, 6), 0, 143.8166656049603, 13, 130.8166656049603), ((92, 7), 0, 144.10764773832474, 14, 130.10764773832474), ((91, 7), 0, 144.40247292845683, 15, 129.40247292845683), ((91, 8), 0, 144.69343417595164, 16, 128.69343417595164), ((90, 8), 0, 144.98828071350908, 17, 127.98828071350908), ((90, 9), 0, 145.27922061357856, 18, 127.27922061357856), ((89, 9), 0, 145.57408897558773, 19, 126.57408897558773), ((89, 10), 0, 145.86500705120545, 20, 125.86500705120545), ((88, 10), 0, 146.15989773086267, 21, 125.15989773086265), ((88, 11), 0, 146.45079348883235, 22, 124.45079348883236), ((87, 11), 0, 146.74570699624292, 23, 123.7457069962429), ((87, 12), 0, 147.03657992645927, 24, 123.03657992645927), ((86, 12), 0, 147.3315167894194, 25, 122.3315167894194), ((86, 13), 0, 147.6223663640862, 26, 121.62236636408618), ((85, 13), 0, 147.9173271289107, 27, 120.91732712891069), ((85, 14), 0, 148.20815280171308, 28, 120.20815280171308), ((84, 14), 0, 148.50313803411188, 29, 119.50313803411188), ((84, 15), 0, 148.79393923933998, 30, 118.79393923933998), ((83, 15), 0, 149.0889495253472, 31, 118.0889495253472), ((83, 16), 0, 149.37972567696687, 32, 117.37972567696688), ((82, 16), 0, 149.6747616239262, 33, 116.67476162392619), ((82, 17), 0, 149.9655121145938, 34, 115.96551211459379), ((81, 17), 0, 150.26057435220423, 35, 115.26057435220423), ((81, 18), 0, 150.55129855222071, 36, 114.5512985522207), ((80, 18), 0, 150.84638773364748, 37, 113.84638773364749), ((80, 19), 0, 151.1370849898476, 38, 113.13708498984761), ((79, 19), 0, 151.43220179290273, 39, 112.43220179290273), ((79, 20), 0, 151.7228714274745, 40, 111.72287142747452), ((78, 20), 0, 152.01801655587258, 41, 111.01801655587259), ((78, 21), 0, 152.3086578651014, 42, 110.30865786510141), ((77, 21), 0, 152.6038320497965, 43, 109.60383204979651), ((77, 22), 0, 152.89444430272832, 44, 108.89444430272832), ((76, 22), 0, 153.18964830333815, 45, 108.18964830333815), ((76, 23), 0, 153.48023074035524, 46, 107.48023074035522), ((75, 23), 0, 153.7754653466797, 47, 106.77546534667971), ((75, 24), 0, 154.06601717798213, 48, 106.06601717798213), ((74, 24), 0, 154.3612832116238, 49, 105.3612832116238), ((74, 25), 0, 154.65180361560903, 50, 104.65180361560904), ((73, 25), 0, 154.94710193170368, 51, 103.9471019317037), ((73, 26), 0, 155.23759005323592, 52, 103.23759005323593), ((72, 26), 0, 155.5329215423027, 53, 102.53292154230269), ((72, 27), 0, 155.82337649086284, 54, 101.82337649086284), ((71, 27), 0, 156.11874208078342, 55, 101.11874208078342), ((71, 28), 0, 156.40916292848976, 56, 100.40916292848975), ((70, 28), 0, 156.70456358662827, 57, 99.70456358662827), ((70, 29), 0, 156.99494936611666, 58, 98.99494936611666), ((69, 29), 0, 157.29038610159185, 59, 98.29038610159185), ((69, 30), 0, 157.58073580374355, 60, 97.58073580374356), ((68, 30), 0, 157.87620966986685, 61, 96.87620966986684), ((68, 31), 0, 158.16652224137044, 62, 96.16652224137046), ((67, 31), 0, 158.46203433826454, 63, 95.46203433826454), ((67, 32), 0, 158.75230867899737, 64, 94.75230867899737), ((66, 32), 0, 159.04786015641184, 65, 94.04786015641186), ((66, 33), 0, 159.3380951166243, 66, 93.33809511662427), ((65, 33), 0, 159.63368717696602, 67, 92.63368717696602), ((65, 34), 0, 159.92388155425118, 68, 91.92388155425118), ((64, 34), 0, 160.2195154558497, 69, 91.21951545584969), ((64, 35), 0, 160.50966799187808, 70, 90.50966799187809), ((63, 35), 0, 160.80534505250787, 71, 89.80534505250787), ((63, 36), 0, 161.09545442950497, 72, 89.09545442950498), ((62, 36), 0, 161.3911760301898, 73, 88.3911760301898), ((62, 37), 0, 161.6812408671319, 74, 87.68124086713189), ((61, 37), 0, 161.97700845625815, 75, 86.97700845625813), ((61, 38), 0, 162.2670273047588, 76, 86.2670273047588), ((60, 38), 0, 162.56284240252893, 77, 85.56284240252891), ((60, 39), 0, 162.8528137423857, 78, 84.8528137423857), ((59, 39), 0, 163.14867794564572, 79, 84.1486779456457), ((59, 40), 0, 163.4386001800126, 80, 83.43860018001261), ((58, 40), 0, 163.73451516749222, 81, 82.73451516749222), ((58, 41), 0, 164.0243866176395, 82, 82.02438661763951), ((57, 41), 0, 164.3203541556479, 83, 81.32035415564789), ((57, 42), 0, 164.61017305526642, 84, 80.61017305526642), ((56, 42), 0, 164.90619500389192, 85, 79.90619500389191), ((56, 43), 0, 165.19595949289334, 86, 79.19595949289332), ((55, 43), 0, 165.49203781276162, 87, 78.49203781276162), ((55, 44), 0, 165.78174593052023, 88, 77.78174593052023), ((54, 44), 0, 166.07788269017254, 89, 77.07788269017254), ((54, 45), 0, 166.36753236814712, 90, 76.36753236814714), ((53, 45), 0, 166.66372975210777, 91, 75.66372975210778), ((53, 46), 0, 166.95331880577402, 92, 74.95331880577403), ((52, 46), 0, 167.2495791233863, 93, 74.24957912338628), ((52, 47), 0, 167.53910524340094, 94, 73.53910524340094), ((51, 47), 0, 167.83543093852057, 95, 72.83543093852057), ((51, 48), 0, 168.12489168102786, 96, 72.12489168102785), ((50, 48), 0, 168.42128534267638, 97, 71.42128534267638), ((50, 49), 0, 168.71067811865476, 98, 70.71067811865476), ((49, 49), 0, 169.00714249274856, 99, 70.00714249274856), ((49, 50), 0, 169.29646455628165, 100, 69.29646455628166), ((48, 50), 0, 169.59300255857005, 101, 68.59300255857006), ((48, 51), 0, 169.88225099390854, 102, 67.88225099390856), ((47, 51), 0, 170.17886572427375, 103, 67.17886572427373), ((47, 52), 0, 170.46803743153546, 104, 66.46803743153546), ((46, 52), 0, 170.76473218982954, 105, 65.76473218982953), ((46, 53), 0, 171.0538238691624, 106, 65.05382386916237), ((45, 53), 0, 171.35060217278468, 107, 64.35060217278468), ((45, 54), 0, 171.63961030678928, 108, 63.63961030678928), ((44, 54), 0, 171.93647591023824, 109, 62.93647591023825), ((44, 55), 0, 172.22539674441617, 110, 62.22539674441618), ((43, 55), 0, 172.5223536610881, 111, 61.5223536610881), ((43, 56), 0, 172.8111831820431, 112, 60.81118318204309), ((42, 56), 0, 173.10823570859486, 113, 60.108235708594876), ((42, 57), 0, 173.39696961967, 114, 59.39696961966999), ((41, 57), 0, 173.69412236331675, 115, 58.69412236331676), ((41, 58), 0, 173.9827560572969, 116, 57.982756057296896), ((40, 58), 0, 174.28001396647875, 117, 57.28001396647874), ((40, 59), 0, 174.5685424949238, 118, 56.568542494923804), ((39, 59), 0, 174.86591089385368, 119, 55.86591089385369), ((39, 60), 0, 175.1543289325507, 120, 55.154328932550705), ((38, 60), 0, 175.45181356024793, 121, 54.45181356024793), ((38, 61), 0, 175.74011537017762, 122, 53.74011537017761), ((37, 61), 0, 176.03772242470447, 123, 53.03772242470448), ((37, 62), 0, 176.3259018078045, 124, 52.32590180780452), ((36, 62), 0, 176.62363799656123, 125, 51.62363799656123), ((36, 63), 0, 176.91168824543144, 126, 50.91168824543142), ((35, 63), 0, 177.20956084253277, 127, 50.20956084253277), ((35, 64), 0, 177.49747468305833, 128, 49.49747468305833), ((34, 64), 0, 177.7954915950234, 129, 48.79549159502341), ((34, 65), 0, 178.08326112068522, 130, 48.08326112068523), ((33, 65), 0, 178.38143096192854, 131, 47.38143096192854), ((33, 66), 0, 178.66904755831214, 132, 46.66904755831214), ((32, 66), 0, 178.9673797382448, 133, 45.967379738244816), ((32, 67), 0, 179.25483399593904, 134, 45.254833995939045), ((31, 67), 0, 179.55333881989094, 135, 44.553338819890925), ((31, 68), 0, 179.84062043356596, 136, 43.840620433565945), ((30, 68), 0, 180.139309220246, 137, 43.139309220245984), ((30, 69), 0, 180.42640687119285, 138, 42.42640687119285), ((29, 69), 0, 180.72529209005012, 139, 41.72529209005013), ((29, 70), 0, 181.01219330881975, 140, 41.012193308819754), ((28, 70), 0, 181.31128874149275, 141, 40.311288741492746), ((28, 71), 0, 181.59797974644667, 142, 39.59797974644666), ((27, 71), 0, 181.89730067755346, 143, 38.897300677553446), ((27, 72), 0, 182.18376618407356, 144, 38.18376618407357), ((26, 72), 0, 182.48332962798264, 145, 37.48332962798263), ((26, 73), 0, 182.76955262170048, 146, 36.76955262170047), ((25, 73), 0, 183.06937759374287, 147, 36.069377593742864), ((25, 74), 0, 183.35533905932738, 148, 35.35533905932738), ((24, 74), 0, 183.6554469023269, 149, 34.655446902326915), ((24, 75), 0, 183.94112549695427, 150, 33.94112549695428), ((23, 75), 0, 184.24154027718933, 151, 33.24154027718932), ((23, 76), 0, 184.5269119345812, 152, 32.526911934581186), ((22, 76), 0, 184.82766092567908, 153, 31.827660925679098), ((22, 77), 0, 185.1126983722081, 154, 31.11269837220809), ((21, 77), 0, 185.4138126514911, 155, 30.4138126514911), ((21, 78), 0, 185.698484809835, 156, 29.698484809834994), ((20, 78), 0, 186.0, 157, 29.0), ((20, 79), 0, 186.2842712474619, 158, 28.284271247461902), ((19, 79), 0, 186.58622844826743, 159, 27.586228448267445), ((19, 80), 0, 186.8700576850888, 160, 26.870057685088806), ((18, 80), 0, 187.17250465660481, 161, 26.1725046566048), ((18, 81), 0, 187.45584412271572, 162, 25.45584412271571), ((17, 81), 0, 187.7588368062799, 163, 24.758836806279895), ((17, 82), 0, 188.0416305603426, 164, 24.041630560342615), ((16, 82), 0, 188.34523505985752, 165, 23.345235059857504), ((16, 83), 0, 188.62741699796953, 166, 22.627416997969522), ((15, 83), 0, 188.93171219946132, 167, 21.93171219946131), ((15, 84), 0, 189.21320343559643, 168, 21.213203435596427), ((14, 84), 0, 189.51828452868318, 169, 20.518284528683193), ((14, 85), 0, 189.79898987322332, 170, 19.79898987322333), ((13, 85), 0, 190.1049731745428, 171, 19.1049731745428), ((13, 86), 0, 190.38477631085024, 172, 18.384776310850235), ((12, 86), 0, 190.69180601295415, 173, 17.69180601295413), ((12, 87), 0, 190.97056274847714, 174, 16.97056274847714), ((11, 87), 0, 191.2788205960997, 175, 16.278820596099706), ((11, 88), 0, 191.55634918610406, 176, 15.556349186104045), ((10, 88), 0, 191.8660687473185, 177, 14.866068747318506), ((10, 89), 0, 192.14213562373095, 178, 14.142135623730951), ((9, 89), 0, 192.4536240470737, 179, 13.45362404707371), ((9, 90), 0, 192.72792206135784, 180, 12.727922061357855), ((8, 90), 0, 193.04159457879229, 181, 12.041594578792296), ((8, 91), 0, 193.31370849898477, 182, 11.313708498984761), ((7, 91), 0, 193.63014581273464, 183, 10.63014581273465), ((7, 92), 0, 193.89949493661166, 184, 9.899494936611665), ((6, 92), 0, 194.2195444572929, 185, 9.219544457292887), ((6, 93), 0, 194.48528137423858, 186, 8.48528137423857), ((5, 93), 0, 194.81024967590665, 187, 7.810249675906654), ((5, 94), 0, 195.07106781186548, 188, 7.0710678118654755), ((4, 94), 0, 195.40312423743285, 189, 6.4031242374328485), ((4, 95), 0, 195.65685424949237, 190, 5.656854249492381), ((3, 95), 0, 196.0, 191, 5.0), ((3, 96), 0, 196.2426406871193, 192, 4.242640687119285), ((2, 96), 0, 196.605551275464, 193, 3.605551275463989), ((2, 97), 0, 196.82842712474618, 194, 2.8284271247461903), ((1, 97), 0, 197.2360679774998, 195, 2.23606797749979), ((1, 98), 0, 197.4142135623731, 196, 1.4142135623730951), ((0, 98), 0, 198.0, 197, 1.0), ((0, 99), 2, 198.0, 198, 0.0)]

