dfs -> Result:
total_distance: Not Reachable
time: 711.953125
checked_cells_no: 19195
memory: 2501

bfs -> Result:
total_distance: 173
time: 1207.46875
checked_cells_no: 29998
memory: 301
path: [((75, 100), 1, 0, 0, inf), ((75, 101), 0, 1, 1, inf), ((75, 102), 0, 2, 2, inf), ((75, 103), 0, 3, 3, inf), ((75, 104), 0, 4, 4, inf), ((75, 105), 0, 5, 5, inf), ((75, 106), 0, 6, 6, inf), ((75, 107), 0, 7, 7, inf), ((75, 108), 0, 8, 8, inf), ((75, 109), 0, 9, 9, inf), ((75, 110), 0, 10, 10, inf), ((75, 111), 0, 11, 11, inf), ((75, 112), 0, 12, 12, inf), ((75, 113), 0, 13, 13, inf), ((75, 114), 0, 14, 14, inf), ((75, 115), 0, 15, 15, inf), ((75, 116), 0, 16, 16, inf), ((75, 117), 0, 17, 17, inf), ((75, 118), 0, 18, 18, inf), ((75, 119), 0, 19, 19, inf), ((75, 120), 0, 20, 20, inf), ((75, 121), 0, 21, 21, inf), ((75, 122), 0, 22, 22, inf), ((75, 123), 0, 23, 23, inf), ((75, 124), 0, 24, 24, inf), ((75, 125), 0, 25, 25, inf), ((75, 126), 0, 26, 26, inf), ((75, 127), 0, 27, 27, inf), ((75, 128), 0, 28, 28, inf), ((75, 129), 0, 29, 29, inf), ((75, 130), 0, 30, 30, inf), ((75, 131), 0, 31, 31, inf), ((75, 132), 0, 32, 32, inf), ((75, 133), 0, 33, 33, inf), ((75, 134), 0, 34, 34, inf), ((75, 135), 0, 35, 35, inf), ((75, 136), 0, 36, 36, inf), ((75, 137), 0, 37, 37, inf), ((75, 138), 0, 38, 38, inf), ((75, 139), 0, 39, 39, inf), ((75, 140), 0, 40, 40, inf), ((75, 141), 0, 41, 41, inf), ((75, 142), 0, 42, 42, inf), ((75, 143), 0, 43, 43, inf), ((75, 144), 0, 44, 44, inf), ((75, 145), 0, 45, 45, inf), ((75, 146), 0, 46, 46, inf), ((75, 147), 0, 47, 47, inf), ((75, 148), 0, 48, 48, inf), ((75, 149), 0, 49, 49, inf), ((75, 150), 0, 50, 50, inf), ((75, 151), 0, 51, 51, inf), ((75, 152), 0, 52, 52, inf), ((75, 153), 0, 53, 53, inf), ((75, 154), 0, 54, 54, inf), ((75, 155), 0, 55, 55, inf), ((75, 156), 0, 56, 56, inf), ((75, 157), 0, 57, 57, inf), ((75, 158), 0, 58, 58, inf), ((75, 159), 0, 59, 59, inf), ((75, 160), 0, 60, 60, inf), ((75, 161), 0, 61, 61, inf), ((75, 162), 0, 62, 62, inf), ((75, 163), 0, 63, 63, inf), ((75, 164), 0, 64, 64, inf), ((75, 165), 0, 65, 65, inf), ((75, 166), 0, 66, 66, inf), ((75, 167), 0, 67, 67, inf), ((75, 168), 0, 68, 68, inf), ((75, 169), 0, 69, 69, inf), ((75, 170), 0, 70, 70, inf), ((75, 171), 0, 71, 71, inf), ((75, 172), 0, 72, 72, inf), ((75, 173), 0, 73, 73, inf), ((75, 174), 0, 74, 74, inf), ((75, 175), 0, 75, 75, inf), ((75, 176), 0, 76, 76, inf), ((75, 177), 0, 77, 77, inf), ((75, 178), 0, 78, 78, inf), ((75, 179), 0, 79, 79, inf), ((75, 180), 0, 80, 80, inf), ((75, 181), 0, 81, 81, inf), ((75, 182), 0, 82, 82, inf), ((75, 183), 0, 83, 83, inf), ((75, 184), 0, 84, 84, inf), ((75, 185), 0, 85, 85, inf), ((75, 186), 0, 86, 86, inf), ((75, 187), 0, 87, 87, inf), ((75, 188), 0, 88, 88, inf), ((75, 189), 0, 89, 89, inf), ((75, 190), 0, 90, 90, inf), ((75, 191), 0, 91, 91, inf), ((75, 192), 0, 92, 92, inf), ((75, 193), 0, 93, 93, inf), ((75, 194), 0, 94, 94, inf), ((75, 195), 0, 95, 95, inf), ((75, 196), 0, 96, 96, inf), ((75, 197), 0, 97, 97, inf), ((75, 198), 0, 98, 98, inf), ((75, 199), 0, 99, 99, inf), ((76, 199), 0, 100, 100, inf), ((77, 199), 0, 101, 101, inf), ((78, 199), 0, 102, 102, inf), ((79, 199), 0, 103, 103, inf), ((80, 199), 0, 104, 104, inf), ((81, 199), 0, 105, 105, inf), ((82, 199), 0, 106, 106, inf), ((83, 199), 0, 107, 107, inf), ((84, 199), 0, 108, 108, inf), ((85, 199), 0, 109, 109, inf), ((86, 199), 0, 110, 110, inf), ((87, 199), 0, 111, 111, inf), ((88, 199), 0, 112, 112, inf), ((89, 199), 0, 113, 113, inf), ((90, 199), 0, 114, 114, inf), ((91, 199), 0, 115, 115, inf), ((92, 199), 0, 116, 116, inf), ((93, 199), 0, 117, 117, inf), ((94, 199), 0, 118, 118, inf), ((95, 199), 0, 119, 119, inf), ((96, 199), 0, 120, 120, inf), ((97, 199), 0, 121, 121, inf), ((98, 199), 0, 122, 122, inf), ((99, 199), 0, 123, 123, inf), ((100, 199), 0, 124, 124, inf), ((101, 199), 0, 125, 125, inf), ((102, 199), 0, 126, 126, inf), ((103, 199), 0, 127, 127, inf), ((104, 199), 0, 128, 128, inf), ((105, 199), 0, 129, 129, inf), ((106, 199), 0, 130, 130, inf), ((107, 199), 0, 131, 131, inf), ((108, 199), 0, 132, 132, inf), ((109, 199), 0, 133, 133, inf), ((110, 199), 0, 134, 134, inf), ((111, 199), 0, 135, 135, inf), ((112, 199), 0, 136, 136, inf), ((113, 199), 0, 137, 137, inf), ((114, 199), 0, 138, 138, inf), ((115, 199), 0, 139, 139, inf), ((116, 199), 0, 140, 140, inf), ((117, 199), 0, 141, 141, inf), ((118, 199), 0, 142, 142, inf), ((119, 199), 0, 143, 143, inf), ((120, 199), 0, 144, 144, inf), ((121, 199), 0, 145, 145, inf), ((122, 199), 0, 146, 146, inf), ((123, 199), 0, 147, 147, inf), ((124, 199), 0, 148, 148, inf), ((125, 199), 0, 149, 149, inf), ((126, 199), 0, 150, 150, inf), ((127, 199), 0, 151, 151, inf), ((128, 199), 0, 152, 152, inf), ((129, 199), 0, 153, 153, inf), ((130, 199), 0, 154, 154, inf), ((131, 199), 0, 155, 155, inf), ((132, 199), 0, 156, 156, inf), ((133, 199), 0, 157, 157, inf), ((134, 199), 0, 158, 158, inf), ((135, 199), 0, 159, 159, inf), ((136, 199), 0, 160, 160, inf), ((137, 199), 0, 161, 161, inf), ((138, 199), 0, 162, 162, inf), ((139, 199), 0, 163, 163, inf), ((140, 199), 0, 164, 164, inf), ((141, 199), 0, 165, 165, inf), ((142, 199), 0, 166, 166, inf), ((143, 199), 0, 167, 167, inf), ((144, 199), 0, 168, 168, inf), ((145, 199), 0, 169, 169, inf), ((146, 199), 0, 170, 170, inf), ((147, 199), 0, 171, 171, inf), ((148, 199), 0, 172, 172, inf), ((149, 199), 2, 173, 173, inf)]

greedy_best_first_search chebyshev_distance -> Result:
total_distance: 173
time: 6.65625
checked_cells_no: 373
memory: 201
path: [((75, 100), 1, 99, 0, 99), ((75, 101), 0, 98, 1, 98), ((75, 102), 0, 97, 2, 97), ((75, 103), 0, 96, 3, 96), ((75, 104), 0, 95, 4, 95), ((75, 105), 0, 94, 5, 94), ((75, 106), 0, 93, 6, 93), ((75, 107), 0, 92, 7, 92), ((75, 108), 0, 91, 8, 91), ((75, 109), 0, 90, 9, 90), ((75, 110), 0, 89, 10, 89), ((75, 111), 0, 88, 11, 88), ((75, 112), 0, 87, 12, 87), ((75, 113), 0, 86, 13, 86), ((75, 114), 0, 85, 14, 85), ((75, 115), 0, 84, 15, 84), ((75, 116), 0, 83, 16, 83), ((75, 117), 0, 82, 17, 82), ((75, 118), 0, 81, 18, 81), ((75, 119), 0, 80, 19, 80), ((75, 120), 0, 79, 20, 79), ((75, 121), 0, 78, 21, 78), ((75, 122), 0, 77, 22, 77), ((75, 123), 0, 76, 23, 76), ((75, 124), 0, 75, 24, 75), ((75, 125), 0, 74, 25, 74), ((75, 126), 0, 74, 26, 74), ((76, 126), 0, 73, 27, 73), ((76, 127), 0, 73, 28, 73), ((77, 127), 0, 72, 29, 72), ((77, 128), 0, 72, 30, 72), ((78, 128), 0, 71, 31, 71), ((78, 129), 0, 71, 32, 71), ((79, 129), 0, 70, 33, 70), ((79, 130), 0, 70, 34, 70), ((80, 130), 0, 69, 35, 69), ((80, 131), 0, 69, 36, 69), ((81, 131), 0, 68, 37, 68), ((81, 132), 0, 68, 38, 68), ((82, 132), 0, 67, 39, 67), ((82, 133), 0, 67, 40, 67), ((83, 133), 0, 66, 41, 66), ((83, 134), 0, 66, 42, 66), ((84, 134), 0, 65, 43, 65), ((84, 135), 0, 65, 44, 65), ((85, 135), 0, 64, 45, 64), ((85, 136), 0, 64, 46, 64), ((86, 136), 0, 63, 47, 63), ((86, 137), 0, 63, 48, 63), ((87, 137), 0, 62, 49, 62), ((87, 138), 0, 62, 50, 62), ((88, 138), 0, 61, 51, 61), ((88, 139), 0, 61, 52, 61), ((89, 139), 0, 60, 53, 60), ((89, 140), 0, 60, 54, 60), ((90, 140), 0, 59, 55, 59), ((90, 141), 0, 59, 56, 59), ((91, 141), 0, 58, 57, 58), ((91, 142), 0, 58, 58, 58), ((92, 142), 0, 57, 59, 57), ((92, 143), 0, 57, 60, 57), ((93, 143), 0, 56, 61, 56), ((93, 144), 0, 56, 62, 56), ((94, 144), 0, 55, 63, 55), ((94, 145), 0, 55, 64, 55), ((95, 145), 0, 54, 65, 54), ((95, 146), 0, 54, 66, 54), ((96, 146), 0, 53, 67, 53), ((96, 147), 0, 53, 68, 53), ((97, 147), 0, 52, 69, 52), ((97, 148), 0, 52, 70, 52), ((98, 148), 0, 51, 71, 51), ((98, 149), 0, 51, 72, 51), ((99, 149), 0, 50, 73, 50), ((99, 150), 0, 50, 74, 50), ((100, 150), 0, 49, 75, 49), ((100, 151), 0, 49, 76, 49), ((101, 151), 0, 48, 77, 48), ((101, 152), 0, 48, 78, 48), ((102, 152), 0, 47, 79, 47), ((102, 153), 0, 47, 80, 47), ((103, 153), 0, 46, 81, 46), ((103, 154), 0, 46, 82, 46), ((104, 154), 0, 45, 83, 45), ((104, 155), 0, 45, 84, 45), ((105, 155), 0, 44, 85, 44), ((105, 156), 0, 44, 86, 44), ((106, 156), 0, 43, 87, 43), ((106, 157), 0, 43, 88, 43), ((107, 157), 0, 42, 89, 42), ((107, 158), 0, 42, 90, 42), ((108, 158), 0, 41, 91, 41), ((108, 159), 0, 41, 92, 41), ((109, 159), 0, 40, 93, 40), ((109, 160), 0, 40, 94, 40), ((110, 160), 0, 39, 95, 39), ((110, 161), 0, 39, 96, 39), ((111, 161), 0, 38, 97, 38), ((111, 162), 0, 38, 98, 38), ((112, 162), 0, 37, 99, 37), ((112, 163), 0, 37, 100, 37), ((113, 163), 0, 36, 101, 36), ((113, 164), 0, 36, 102, 36), ((114, 164), 0, 35, 103, 35), ((114, 165), 0, 35, 104, 35), ((115, 165), 0, 34, 105, 34), ((115, 166), 0, 34, 106, 34), ((116, 166), 0, 33, 107, 33), ((116, 167), 0, 33, 108, 33), ((117, 167), 0, 32, 109, 32), ((117, 168), 0, 32, 110, 32), ((118, 168), 0, 31, 111, 31), ((118, 169), 0, 31, 112, 31), ((119, 169), 0, 30, 113, 30), ((119, 170), 0, 30, 114, 30), ((120, 170), 0, 29, 115, 29), ((120, 171), 0, 29, 116, 29), ((121, 171), 0, 28, 117, 28), ((121, 172), 0, 28, 118, 28), ((122, 172), 0, 27, 119, 27), ((122, 173), 0, 27, 120, 27), ((123, 173), 0, 26, 121, 26), ((123, 174), 0, 26, 122, 26), ((124, 174), 0, 25, 123, 25), ((124, 175), 0, 25, 124, 25), ((125, 175), 0, 24, 125, 24), ((125, 176), 0, 24, 126, 24), ((126, 176), 0, 23, 127, 23), ((126, 177), 0, 23, 128, 23), ((127, 177), 0, 22, 129, 22), ((127, 178), 0, 22, 130, 22), ((128, 178), 0, 21, 131, 21), ((128, 179), 0, 21, 132, 21), ((129, 179), 0, 20, 133, 20), ((129, 180), 0, 20, 134, 20), ((130, 180), 0, 19, 135, 19), ((130, 181), 0, 19, 136, 19), ((131, 181), 0, 18, 137, 18), ((131, 182), 0, 18, 138, 18), ((132, 182), 0, 17, 139, 17), ((132, 183), 0, 17, 140, 17), ((133, 183), 0, 16, 141, 16), ((133, 184), 0, 16, 142, 16), ((134, 184), 0, 15, 143, 15), ((134, 185), 0, 15, 144, 15), ((135, 185), 0, 14, 145, 14), ((135, 186), 0, 14, 146, 14), ((136, 186), 0, 13, 147, 13), ((136, 187), 0, 13, 148, 13), ((137, 187), 0, 12, 149, 12), ((137, 188), 0, 12, 150, 12), ((138, 188), 0, 11, 151, 11), ((138, 189), 0, 11, 152, 11), ((139, 189), 0, 10, 153, 10), ((139, 190), 0, 10, 154, 10), ((140, 190), 0, 9, 155, 9), ((140, 191), 0, 9, 156, 9), ((141, 191), 0, 8, 157, 8), ((141, 192), 0, 8, 158, 8), ((142, 192), 0, 7, 159, 7), ((142, 193), 0, 7, 160, 7), ((143, 193), 0, 6, 161, 6), ((143, 194), 0, 6, 162, 6), ((144, 194), 0, 5, 163, 5), ((144, 195), 0, 5, 164, 5), ((145, 195), 0, 4, 165, 4), ((145, 196), 0, 4, 166, 4), ((146, 196), 0, 3, 167, 3), ((146, 197), 0, 3, 168, 3), ((147, 197), 0, 2, 169, 2), ((147, 198), 0, 2, 170, 2), ((148, 198), 0, 1, 171, 1), ((148, 199), 0, 1, 172, 1), ((149, 199), 2, 0, 173, 0)]

greedy_best_first_search manhattan_distance -> Result:
total_distance: 173
time: 6.53125
checked_cells_no: 445
memory: 273
path: [((75, 100), 1, 173, 0, 173), ((75, 101), 0, 172, 1, 172), ((75, 102), 0, 171, 2, 171), ((75, 103), 0, 170, 3, 170), ((75, 104), 0, 169, 4, 169), ((75, 105), 0, 168, 5, 168), ((75, 106), 0, 167, 6, 167), ((75, 107), 0, 166, 7, 166), ((75, 108), 0, 165, 8, 165), ((75, 109), 0, 164, 9, 164), ((75, 110), 0, 163, 10, 163), ((75, 111), 0, 162, 11, 162), ((75, 112), 0, 161, 12, 161), ((75, 113), 0, 160, 13, 160), ((75, 114), 0, 159, 14, 159), ((75, 115), 0, 158, 15, 158), ((75, 116), 0, 157, 16, 157), ((75, 117), 0, 156, 17, 156), ((75, 118), 0, 155, 18, 155), ((75, 119), 0, 154, 19, 154), ((75, 120), 0, 153, 20, 153), ((75, 121), 0, 152, 21, 152), ((75, 122), 0, 151, 22, 151), ((75, 123), 0, 150, 23, 150), ((75, 124), 0, 149, 24, 149), ((75, 125), 0, 148, 25, 148), ((75, 126), 0, 147, 26, 147), ((75, 127), 0, 146, 27, 146), ((75, 128), 0, 145, 28, 145), ((75, 129), 0, 144, 29, 144), ((75, 130), 0, 143, 30, 143), ((75, 131), 0, 142, 31, 142), ((75, 132), 0, 141, 32, 141), ((75, 133), 0, 140, 33, 140), ((75, 134), 0, 139, 34, 139), ((75, 135), 0, 138, 35, 138), ((75, 136), 0, 137, 36, 137), ((75, 137), 0, 136, 37, 136), ((75, 138), 0, 135, 38, 135), ((75, 139), 0, 134, 39, 134), ((75, 140), 0, 133, 40, 133), ((75, 141), 0, 132, 41, 132), ((75, 142), 0, 131, 42, 131), ((75, 143), 0, 130, 43, 130), ((75, 144), 0, 129, 44, 129), ((75, 145), 0, 128, 45, 128), ((75, 146), 0, 127, 46, 127), ((75, 147), 0, 126, 47, 126), ((75, 148), 0, 125, 48, 125), ((75, 149), 0, 124, 49, 124), ((75, 150), 0, 123, 50, 123), ((75, 151), 0, 122, 51, 122), ((75, 152), 0, 121, 52, 121), ((75, 153), 0, 120, 53, 120), ((75, 154), 0, 119, 54, 119), ((75, 155), 0, 118, 55, 118), ((75, 156), 0, 117, 56, 117), ((75, 157), 0, 116, 57, 116), ((75, 158), 0, 115, 58, 115), ((75, 159), 0, 114, 59, 114), ((75, 160), 0, 113, 60, 113), ((75, 161), 0, 112, 61, 112), ((75, 162), 0, 111, 62, 111), ((75, 163), 0, 110, 63, 110), ((75, 164), 0, 109, 64, 109), ((75, 165), 0, 108, 65, 108), ((75, 166), 0, 107, 66, 107), ((75, 167), 0, 106, 67, 106), ((75, 168), 0, 105, 68, 105), ((75, 169), 0, 104, 69, 104), ((75, 170), 0, 103, 70, 103), ((75, 171), 0, 102, 71, 102), ((75, 172), 0, 101, 72, 101), ((75, 173), 0, 100, 73, 100), ((75, 174), 0, 99, 74, 99), ((75, 175), 0, 98, 75, 98), ((75, 176), 0, 97, 76, 97), ((75, 177), 0, 96, 77, 96), ((75, 178), 0, 95, 78, 95), ((75, 179), 0, 94, 79, 94), ((75, 180), 0, 93, 80, 93), ((75, 181), 0, 92, 81, 92), ((75, 182), 0, 91, 82, 91), ((75, 183), 0, 90, 83, 90), ((75, 184), 0, 89, 84, 89), ((75, 185), 0, 88, 85, 88), ((75, 186), 0, 87, 86, 87), ((75, 187), 0, 86, 87, 86), ((75, 188), 0, 85, 88, 85), ((75, 189), 0, 84, 89, 84), ((75, 190), 0, 83, 90, 83), ((75, 191), 0, 82, 91, 82), ((75, 192), 0, 81, 92, 81), ((75, 193), 0, 80, 93, 80), ((75, 194), 0, 79, 94, 79), ((75, 195), 0, 78, 95, 78), ((75, 196), 0, 77, 96, 77), ((75, 197), 0, 76, 97, 76), ((75, 198), 0, 75, 98, 75), ((75, 199), 0, 74, 99, 74), ((76, 199), 0, 73, 100, 73), ((77, 199), 0, 72, 101, 72), ((78, 199), 0, 71, 102, 71), ((79, 199), 0, 70, 103, 70), ((80, 199), 0, 69, 104, 69), ((81, 199), 0, 68, 105, 68), ((82, 199), 0, 67, 106, 67), ((83, 199), 0, 66, 107, 66), ((84, 199), 0, 65, 108, 65), ((85, 199), 0, 64, 109, 64), ((86, 199), 0, 63, 110, 63), ((87, 199), 0, 62, 111, 62), ((88, 199), 0, 61, 112, 61), ((89, 199), 0, 60, 113, 60), ((90, 199), 0, 59, 114, 59), ((91, 199), 0, 58, 115, 58), ((92, 199), 0, 57, 116, 57), ((93, 199), 0, 56, 117, 56), ((94, 199), 0, 55, 118, 55), ((95, 199), 0, 54, 119, 54), ((96, 199), 0, 53, 120, 53), ((97, 199), 0, 52, 121, 52), ((98, 199), 0, 51, 122, 51), ((99, 199), 0, 50, 123, 50), ((100, 199), 0, 49, 124, 49), ((101, 199), 0, 48, 125, 48), ((102, 199), 0, 47, 126, 47), ((103, 199), 0, 46, 127, 46), ((104, 199), 0, 45, 128, 45), ((105, 199), 0, 44, 129, 44), ((106, 199), 0, 43, 130, 43), ((107, 199), 0, 42, 131, 42), ((108, 199), 0, 41, 132, 41), ((109, 199), 0, 40, 133, 40), ((110, 199), 0, 39, 134, 39), ((111, 199), 0, 38, 135, 38), ((112, 199), 0, 37, 136, 37), ((113, 199), 0, 36, 137, 36), ((114, 199), 0, 35, 138, 35), ((115, 199), 0, 34, 139, 34), ((116, 199), 0, 33, 140, 33), ((117, 199), 0, 32, 141, 32), ((118, 199), 0, 31, 142, 31), ((119, 199), 0, 30, 143, 30), ((120, 199), 0, 29, 144, 29), ((121, 199), 0, 28, 145, 28), ((122, 199), 0, 27, 146, 27), ((123, 199), 0, 26, 147, 26), ((124, 199), 0, 25, 148, 25), ((125, 199), 0, 24, 149, 24), ((126, 199), 0, 23, 150, 23), ((127, 199), 0, 22, 151, 22), ((128, 199), 0, 21, 152, 21), ((129, 199), 0, 20, 153, 20), ((130, 199), 0, 19, 154, 19), ((131, 199), 0, 18, 155, 18), ((132, 199), 0, 17, 156, 17), ((133, 199), 0, 16, 157, 16), ((134, 199), 0, 15, 158, 15), ((135, 199), 0, 14, 159, 14), ((136, 199), 0, 13, 160, 13), ((137, 199), 0, 12, 161, 12), ((138, 199), 0, 11, 162, 11), ((139, 199), 0, 10, 163, 10), ((140, 199), 0, 9, 164, 9), ((141, 199), 0, 8, 165, 8), ((142, 199), 0, 7, 166, 7), ((143, 199), 0, 6, 167, 6), ((144, 199), 0, 5, 168, 5), ((145, 199), 0, 4, 169, 4), ((146, 199), 0, 3, 170, 3), ((147, 199), 0, 2, 171, 2), ((148, 199), 0, 1, 172, 1), ((149, 199), 2, 0, 173, 0)]

greedy_best_first_search euclidean_distance -> Result:
total_distance: 173
time: 6.9375
checked_cells_no: 373
memory: 201
path: [((75, 100), 1, 123.60016181219181, 0, 123.60016181219181), ((75, 101), 0, 122.80065146407001, 1, 122.80065146407001), ((75, 102), 0, 122.00409829181969, 2, 122.00409829181969), ((75, 103), 0, 121.21056059601408, 3, 121.21056059601408), ((75, 104), 0, 120.42009799032718, 4, 120.42009799032718), ((75, 105), 0, 119.63277142990545, 5, 119.63277142990545), ((75, 106), 0, 118.84864324004712, 6, 118.84864324004712), ((75, 107), 0, 118.06777714516353, 7, 118.06777714516353), ((75, 108), 0, 117.29023829799307, 8, 117.29023829799307), ((75, 109), 0, 116.51609330903607, 9, 116.51609330903607), ((75, 110), 0, 115.74541027617467, 10, 115.74541027617467), ((75, 111), 0, 114.97825881443848, 11, 114.97825881443848), ((75, 112), 0, 114.21471008587291, 12, 114.21471008587291), ((75, 113), 0, 113.45483682946268, 13, 113.45483682946268), ((75, 114), 0, 112.69871339105873, 14, 112.69871339105873), ((75, 115), 0, 111.94641575325224, 15, 111.94641575325224), ((75, 116), 0, 111.19802156513397, 16, 111.19802156513397), ((75, 117), 0, 110.45361017187261, 17, 110.45361017187261), ((75, 118), 0, 109.71326264403953, 18, 109.71326264403953), ((75, 119), 0, 108.97706180660222, 19, 108.97706180660222), ((75, 120), 0, 108.2450922675019, 20, 108.2450922675019), ((75, 121), 0, 107.5174404457249, 21, 107.5174404457249), ((75, 122), 0, 106.7941945987702, 22, 106.7941945987702), ((75, 123), 0, 106.07544484940895, 23, 106.07544484940895), ((75, 124), 0, 105.3612832116238, 24, 105.3612832116238), ((75, 125), 0, 104.65180361560904, 25, 104.65180361560904), ((75, 126), 0, 103.9471019317037, 26, 103.9471019317037), ((76, 126), 0, 103.23759005323593, 27, 103.23759005323593), ((76, 127), 0, 102.53292154230269, 28, 102.53292154230269), ((77, 127), 0, 101.82337649086284, 29, 101.82337649086284), ((77, 128), 0, 101.11874208078342, 30, 101.11874208078342), ((78, 128), 0, 100.40916292848975, 31, 100.40916292848975), ((78, 129), 0, 99.70456358662827, 32, 99.70456358662827), ((79, 129), 0, 98.99494936611666, 33, 98.99494936611666), ((79, 130), 0, 98.29038610159185, 34, 98.29038610159185), ((80, 130), 0, 97.58073580374356, 35, 97.58073580374356), ((80, 131), 0, 96.87620966986684, 36, 96.87620966986684), ((81, 131), 0, 96.16652224137046, 37, 96.16652224137046), ((81, 132), 0, 95.46203433826454, 38, 95.46203433826454), ((82, 132), 0, 94.75230867899737, 39, 94.75230867899737), ((82, 133), 0, 94.04786015641186, 40, 94.04786015641186), ((83, 133), 0, 93.33809511662427, 41, 93.33809511662427), ((83, 134), 0, 92.63368717696602, 42, 92.63368717696602), ((84, 134), 0, 91.92388155425118, 43, 91.92388155425118), ((84, 135), 0, 91.21951545584969, 44, 91.21951545584969), ((85, 135), 0, 90.50966799187809, 45, 90.50966799187809), ((85, 136), 0, 89.80534505250787, 46, 89.80534505250787), ((86, 136), 0, 89.09545442950498, 47, 89.09545442950498), ((86, 137), 0, 88.3911760301898, 48, 88.3911760301898), ((87, 137), 0, 87.68124086713189, 49, 87.68124086713189), ((87, 138), 0, 86.97700845625813, 50, 86.97700845625813), ((88, 138), 0, 86.2670273047588, 51, 86.2670273047588), ((88, 139), 0, 85.56284240252891, 52, 85.56284240252891), ((89, 139), 0, 84.8528137423857, 53, 84.8528137423857), ((89, 140), 0, 84.1486779456457, 54, 84.1486779456457), ((90, 140), 0, 83.43860018001261, 55, 83.43860018001261), ((90, 141), 0, 82.73451516749222, 56, 82.73451516749222), ((91, 141), 0, 82.02438661763951, 57, 82.02438661763951), ((91, 142), 0, 81.32035415564789, 58, 81.32035415564789), ((92, 142), 0, 80.61017305526642, 59, 80.61017305526642), ((92, 143), 0, 79.90619500389191, 60, 79.90619500389191), ((93, 143), 0, 79.19595949289332, 61, 79.19595949289332), ((93, 144), 0, 78.49203781276162, 62, 78.49203781276162), ((94, 144), 0, 77.78174593052023, 63, 77.78174593052023), ((94, 145), 0, 77.07788269017254, 64, 77.07788269017254), ((95, 145), 0, 76.36753236814714, 65, 76.36753236814714), ((95, 146), 0, 75.66372975210778, 66, 75.66372975210778), ((96, 146), 0, 74.95331880577403, 67, 74.95331880577403), ((96, 147), 0, 74.24957912338628, 68, 74.24957912338628), ((97, 147), 0, 73.53910524340094, 69, 73.53910524340094), ((97, 148), 0, 72.83543093852057, 70, 72.83543093852057), ((98, 148), 0, 72.12489168102785, 71, 72.12489168102785), ((98, 149), 0, 71.42128534267638, 72, 71.42128534267638), ((99, 149), 0, 70.71067811865476, 73, 70.71067811865476), ((99, 150), 0, 70.00714249274856, 74, 70.00714249274856), ((100, 150), 0, 69.29646455628166, 75, 69.29646455628166), ((100, 151), 0, 68.59300255857006, 76, 68.59300255857006), ((101, 151), 0, 67.88225099390856, 77, 67.88225099390856), ((101, 152), 0, 67.17886572427373, 78, 67.17886572427373), ((102, 152), 0, 66.46803743153546, 79, 66.46803743153546), ((102, 153), 0, 65.76473218982953, 80, 65.76473218982953), ((103, 153), 0, 65.05382386916237, 81, 65.05382386916237), ((103, 154), 0, 64.35060217278468, 82, 64.35060217278468), ((104, 154), 0, 63.63961030678928, 83, 63.63961030678928), ((104, 155), 0, 62.93647591023825, 84, 62.93647591023825), ((105, 155), 0, 62.22539674441618, 85, 62.22539674441618), ((105, 156), 0, 61.5223536610881, 86, 61.5223536610881), ((106, 156), 0, 60.81118318204309, 87, 60.81118318204309), ((106, 157), 0, 60.108235708594876, 88, 60.108235708594876), ((107, 157), 0, 59.39696961966999, 89, 59.39696961966999), ((107, 158), 0, 58.69412236331676, 90, 58.69412236331676), ((108, 158), 0, 57.982756057296896, 91, 57.982756057296896), ((108, 159), 0, 57.28001396647874, 92, 57.28001396647874), ((109, 159), 0, 56.568542494923804, 93, 56.568542494923804), ((109, 160), 0, 55.86591089385369, 94, 55.86591089385369), ((110, 160), 0, 55.154328932550705, 95, 55.154328932550705), ((110, 161), 0, 54.45181356024793, 96, 54.45181356024793), ((111, 161), 0, 53.74011537017761, 97, 53.74011537017761), ((111, 162), 0, 53.03772242470448, 98, 53.03772242470448), ((112, 162), 0, 52.32590180780452, 99, 52.32590180780452), ((112, 163), 0, 51.62363799656123, 100, 51.62363799656123), ((113, 163), 0, 50.91168824543142, 101, 50.91168824543142), ((113, 164), 0, 50.20956084253277, 102, 50.20956084253277), ((114, 164), 0, 49.49747468305833, 103, 49.49747468305833), ((114, 165), 0, 48.79549159502341, 104, 48.79549159502341), ((115, 165), 0, 48.08326112068523, 105, 48.08326112068523), ((115, 166), 0, 47.38143096192854, 106, 47.38143096192854), ((116, 166), 0, 46.66904755831214, 107, 46.66904755831214), ((116, 167), 0, 45.967379738244816, 108, 45.967379738244816), ((117, 167), 0, 45.254833995939045, 109, 45.254833995939045), ((117, 168), 0, 44.553338819890925, 110, 44.553338819890925), ((118, 168), 0, 43.840620433565945, 111, 43.840620433565945), ((118, 169), 0, 43.139309220245984, 112, 43.139309220245984), ((119, 169), 0, 42.42640687119285, 113, 42.42640687119285), ((119, 170), 0, 41.72529209005013, 114, 41.72529209005013), ((120, 170), 0, 41.012193308819754, 115, 41.012193308819754), ((120, 171), 0, 40.311288741492746, 116, 40.311288741492746), ((121, 171), 0, 39.59797974644666, 117, 39.59797974644666), ((121, 172), 0, 38.897300677553446, 118, 38.897300677553446), ((122, 172), 0, 38.18376618407357, 119, 38.18376618407357), ((122, 173), 0, 37.48332962798263, 120, 37.48332962798263), ((123, 173), 0, 36.76955262170047, 121, 36.76955262170047), ((123, 174), 0, 36.069377593742864, 122, 36.069377593742864), ((124, 174), 0, 35.35533905932738, 123, 35.35533905932738), ((124, 175), 0, 34.655446902326915, 124, 34.655446902326915), ((125, 175), 0, 33.94112549695428, 125, 33.94112549695428), ((125, 176), 0, 33.24154027718932, 126, 33.24154027718932), ((126, 176), 0, 32.526911934581186, 127, 32.526911934581186), ((126, 177), 0, 31.827660925679098, 128, 31.827660925679098), ((127, 177), 0, 31.11269837220809, 129, 31.11269837220809), ((127, 178), 0, 30.4138126514911, 130, 30.4138126514911), ((128, 178), 0, 29.698484809834994, 131, 29.698484809834994), ((128, 179), 0, 29.0, 132, 29.0), ((129, 179), 0, 28.284271247461902, 133, 28.284271247461902), ((129, 180), 0, 27.586228448267445, 134, 27.586228448267445), ((130, 180), 0, 26.870057685088806, 135, 26.870057685088806), ((130, 181), 0, 26.1725046566048, 136, 26.1725046566048), ((131, 181), 0, 25.45584412271571, 137, 25.45584412271571), ((131, 182), 0, 24.758836806279895, 138, 24.758836806279895), ((132, 182), 0, 24.041630560342615, 139, 24.041630560342615), ((132, 183), 0, 23.345235059857504, 140, 23.345235059857504), ((133, 183), 0, 22.627416997969522, 141, 22.627416997969522), ((133, 184), 0, 21.93171219946131, 142, 21.93171219946131), ((134, 184), 0, 21.213203435596427, 143, 21.213203435596427), ((134, 185), 0, 20.518284528683193, 144, 20.518284528683193), ((135, 185), 0, 19.79898987322333, 145, 19.79898987322333), ((135, 186), 0, 19.1049731745428, 146, 19.1049731745428), ((136, 186), 0, 18.384776310850235, 147, 18.384776310850235), ((136, 187), 0, 17.69180601295413, 148, 17.69180601295413), ((137, 187), 0, 16.97056274847714, 149, 16.97056274847714), ((137, 188), 0, 16.278820596099706, 150, 16.278820596099706), ((138, 188), 0, 15.556349186104045, 151, 15.556349186104045), ((138, 189), 0, 14.866068747318506, 152, 14.866068747318506), ((139, 189), 0, 14.142135623730951, 153, 14.142135623730951), ((139, 190), 0, 13.45362404707371, 154, 13.45362404707371), ((140, 190), 0, 12.727922061357855, 155, 12.727922061357855), ((140, 191), 0, 12.041594578792296, 156, 12.041594578792296), ((141, 191), 0, 11.313708498984761, 157, 11.313708498984761), ((141, 192), 0, 10.63014581273465, 158, 10.63014581273465), ((142, 192), 0, 9.899494936611665, 159, 9.899494936611665), ((142, 193), 0, 9.219544457292887, 160, 9.219544457292887), ((143, 193), 0, 8.48528137423857, 161, 8.48528137423857), ((143, 194), 0, 7.810249675906654, 162, 7.810249675906654), ((144, 194), 0, 7.0710678118654755, 163, 7.0710678118654755), ((144, 195), 0, 6.4031242374328485, 164, 6.4031242374328485), ((145, 195), 0, 5.656854249492381, 165, 5.656854249492381), ((145, 196), 0, 5.0, 166, 5.0), ((146, 196), 0, 4.242640687119285, 167, 4.242640687119285), ((146, 197), 0, 3.605551275463989, 168, 3.605551275463989), ((147, 197), 0, 2.8284271247461903, 169, 2.8284271247461903), ((147, 198), 0, 2.23606797749979, 170, 2.23606797749979), ((148, 198), 0, 1.4142135623730951, 171, 1.4142135623730951), ((148, 199), 0, 1.0, 172, 1.0), ((149, 199), 2, 0.0, 173, 0.0)]

a_star chebyshev_distance -> Result:
total_distance: 173
time: 512.3125
checked_cells_no: 12690
memory: 403
path: [((75, 100), 1, 99, 0, 99), ((75, 101), 0, 99, 1, 98), ((75, 102), 0, 99, 2, 97), ((75, 103), 0, 99, 3, 96), ((75, 104), 0, 99, 4, 95), ((75, 105), 0, 99, 5, 94), ((75, 106), 0, 99, 6, 93), ((75, 107), 0, 99, 7, 92), ((75, 108), 0, 99, 8, 91), ((75, 109), 0, 99, 9, 90), ((75, 110), 0, 99, 10, 89), ((75, 111), 0, 99, 11, 88), ((75, 112), 0, 99, 12, 87), ((75, 113), 0, 99, 13, 86), ((75, 114), 0, 99, 14, 85), ((75, 115), 0, 99, 15, 84), ((75, 116), 0, 99, 16, 83), ((75, 117), 0, 99, 17, 82), ((75, 118), 0, 99, 18, 81), ((75, 119), 0, 99, 19, 80), ((75, 120), 0, 99, 20, 79), ((75, 121), 0, 99, 21, 78), ((75, 122), 0, 99, 22, 77), ((75, 123), 0, 99, 23, 76), ((75, 124), 0, 99, 24, 75), ((75, 125), 0, 99, 25, 74), ((75, 126), 0, 100, 26, 74), ((76, 126), 0, 100, 27, 73), ((76, 127), 0, 101, 28, 73), ((77, 127), 0, 101, 29, 72), ((77, 128), 0, 102, 30, 72), ((78, 128), 0, 102, 31, 71), ((78, 129), 0, 103, 32, 71), ((79, 129), 0, 103, 33, 70), ((79, 130), 0, 104, 34, 70), ((80, 130), 0, 104, 35, 69), ((80, 131), 0, 105, 36, 69), ((81, 131), 0, 105, 37, 68), ((81, 132), 0, 106, 38, 68), ((82, 132), 0, 106, 39, 67), ((82, 133), 0, 107, 40, 67), ((83, 133), 0, 107, 41, 66), ((83, 134), 0, 108, 42, 66), ((84, 134), 0, 108, 43, 65), ((84, 135), 0, 109, 44, 65), ((85, 135), 0, 109, 45, 64), ((85, 136), 0, 110, 46, 64), ((86, 136), 0, 110, 47, 63), ((86, 137), 0, 111, 48, 63), ((87, 137), 0, 111, 49, 62), ((87, 138), 0, 112, 50, 62), ((88, 138), 0, 112, 51, 61), ((88, 139), 0, 113, 52, 61), ((89, 139), 0, 113, 53, 60), ((89, 140), 0, 114, 54, 60), ((90, 140), 0, 114, 55, 59), ((90, 141), 0, 115, 56, 59), ((91, 141), 0, 115, 57, 58), ((91, 142), 0, 116, 58, 58), ((92, 142), 0, 116, 59, 57), ((92, 143), 0, 117, 60, 57), ((93, 143), 0, 117, 61, 56), ((93, 144), 0, 118, 62, 56), ((94, 144), 0, 118, 63, 55), ((94, 145), 0, 119, 64, 55), ((95, 145), 0, 119, 65, 54), ((95, 146), 0, 120, 66, 54), ((96, 146), 0, 120, 67, 53), ((96, 147), 0, 121, 68, 53), ((97, 147), 0, 121, 69, 52), ((97, 148), 0, 122, 70, 52), ((98, 148), 0, 122, 71, 51), ((98, 149), 0, 123, 72, 51), ((99, 149), 0, 123, 73, 50), ((99, 150), 0, 124, 74, 50), ((100, 150), 0, 124, 75, 49), ((100, 151), 0, 125, 76, 49), ((101, 151), 0, 125, 77, 48), ((101, 152), 0, 126, 78, 48), ((102, 152), 0, 126, 79, 47), ((102, 153), 0, 127, 80, 47), ((103, 153), 0, 127, 81, 46), ((103, 154), 0, 128, 82, 46), ((104, 154), 0, 128, 83, 45), ((104, 155), 0, 129, 84, 45), ((105, 155), 0, 129, 85, 44), ((105, 156), 0, 130, 86, 44), ((106, 156), 0, 130, 87, 43), ((106, 157), 0, 131, 88, 43), ((107, 157), 0, 131, 89, 42), ((107, 158), 0, 132, 90, 42), ((108, 158), 0, 132, 91, 41), ((108, 159), 0, 133, 92, 41), ((109, 159), 0, 133, 93, 40), ((109, 160), 0, 134, 94, 40), ((110, 160), 0, 134, 95, 39), ((110, 161), 0, 135, 96, 39), ((111, 161), 0, 135, 97, 38), ((111, 162), 0, 136, 98, 38), ((112, 162), 0, 136, 99, 37), ((112, 163), 0, 137, 100, 37), ((113, 163), 0, 137, 101, 36), ((113, 164), 0, 138, 102, 36), ((114, 164), 0, 138, 103, 35), ((114, 165), 0, 139, 104, 35), ((115, 165), 0, 139, 105, 34), ((115, 166), 0, 140, 106, 34), ((116, 166), 0, 140, 107, 33), ((116, 167), 0, 141, 108, 33), ((117, 167), 0, 141, 109, 32), ((117, 168), 0, 142, 110, 32), ((118, 168), 0, 142, 111, 31), ((118, 169), 0, 143, 112, 31), ((119, 169), 0, 143, 113, 30), ((119, 170), 0, 144, 114, 30), ((120, 170), 0, 144, 115, 29), ((120, 171), 0, 145, 116, 29), ((121, 171), 0, 145, 117, 28), ((121, 172), 0, 146, 118, 28), ((122, 172), 0, 146, 119, 27), ((122, 173), 0, 147, 120, 27), ((123, 173), 0, 147, 121, 26), ((123, 174), 0, 148, 122, 26), ((124, 174), 0, 148, 123, 25), ((124, 175), 0, 149, 124, 25), ((125, 175), 0, 149, 125, 24), ((125, 176), 0, 150, 126, 24), ((126, 176), 0, 150, 127, 23), ((126, 177), 0, 151, 128, 23), ((127, 177), 0, 151, 129, 22), ((127, 178), 0, 152, 130, 22), ((128, 178), 0, 152, 131, 21), ((128, 179), 0, 153, 132, 21), ((129, 179), 0, 153, 133, 20), ((129, 180), 0, 154, 134, 20), ((130, 180), 0, 154, 135, 19), ((130, 181), 0, 155, 136, 19), ((131, 181), 0, 155, 137, 18), ((131, 182), 0, 156, 138, 18), ((132, 182), 0, 156, 139, 17), ((132, 183), 0, 157, 140, 17), ((133, 183), 0, 157, 141, 16), ((133, 184), 0, 158, 142, 16), ((134, 184), 0, 158, 143, 15), ((134, 185), 0, 159, 144, 15), ((135, 185), 0, 159, 145, 14), ((135, 186), 0, 160, 146, 14), ((136, 186), 0, 160, 147, 13), ((136, 187), 0, 161, 148, 13), ((137, 187), 0, 161, 149, 12), ((137, 188), 0, 162, 150, 12), ((138, 188), 0, 162, 151, 11), ((138, 189), 0, 163, 152, 11), ((139, 189), 0, 163, 153, 10), ((139, 190), 0, 164, 154, 10), ((140, 190), 0, 164, 155, 9), ((140, 191), 0, 165, 156, 9), ((141, 191), 0, 165, 157, 8), ((141, 192), 0, 166, 158, 8), ((142, 192), 0, 166, 159, 7), ((142, 193), 0, 167, 160, 7), ((143, 193), 0, 167, 161, 6), ((143, 194), 0, 168, 162, 6), ((144, 194), 0, 168, 163, 5), ((144, 195), 0, 169, 164, 5), ((145, 195), 0, 169, 165, 4), ((145, 196), 0, 170, 166, 4), ((146, 196), 0, 170, 167, 3), ((146, 197), 0, 171, 168, 3), ((147, 197), 0, 171, 169, 2), ((147, 198), 0, 172, 170, 2), ((148, 198), 0, 172, 171, 1), ((148, 199), 0, 173, 172, 1), ((149, 199), 2, 173, 173, 0)]

a_star manhattan_distance -> Result:
total_distance: 173
time: 304.8125
checked_cells_no: 7674
memory: 274
path: [((75, 100), 1, 173, 0, 173), ((75, 101), 0, 173, 1, 172), ((75, 102), 0, 173, 2, 171), ((75, 103), 0, 173, 3, 170), ((75, 104), 0, 173, 4, 169), ((75, 105), 0, 173, 5, 168), ((75, 106), 0, 173, 6, 167), ((75, 107), 0, 173, 7, 166), ((75, 108), 0, 173, 8, 165), ((75, 109), 0, 173, 9, 164), ((75, 110), 0, 173, 10, 163), ((75, 111), 0, 173, 11, 162), ((75, 112), 0, 173, 12, 161), ((75, 113), 0, 173, 13, 160), ((75, 114), 0, 173, 14, 159), ((75, 115), 0, 173, 15, 158), ((75, 116), 0, 173, 16, 157), ((75, 117), 0, 173, 17, 156), ((75, 118), 0, 173, 18, 155), ((75, 119), 0, 173, 19, 154), ((75, 120), 0, 173, 20, 153), ((75, 121), 0, 173, 21, 152), ((75, 122), 0, 173, 22, 151), ((75, 123), 0, 173, 23, 150), ((75, 124), 0, 173, 24, 149), ((75, 125), 0, 173, 25, 148), ((75, 126), 0, 173, 26, 147), ((75, 127), 0, 173, 27, 146), ((75, 128), 0, 173, 28, 145), ((75, 129), 0, 173, 29, 144), ((75, 130), 0, 173, 30, 143), ((75, 131), 0, 173, 31, 142), ((75, 132), 0, 173, 32, 141), ((75, 133), 0, 173, 33, 140), ((75, 134), 0, 173, 34, 139), ((75, 135), 0, 173, 35, 138), ((75, 136), 0, 173, 36, 137), ((75, 137), 0, 173, 37, 136), ((75, 138), 0, 173, 38, 135), ((75, 139), 0, 173, 39, 134), ((75, 140), 0, 173, 40, 133), ((75, 141), 0, 173, 41, 132), ((75, 142), 0, 173, 42, 131), ((75, 143), 0, 173, 43, 130), ((75, 144), 0, 173, 44, 129), ((75, 145), 0, 173, 45, 128), ((75, 146), 0, 173, 46, 127), ((75, 147), 0, 173, 47, 126), ((75, 148), 0, 173, 48, 125), ((75, 149), 0, 173, 49, 124), ((75, 150), 0, 173, 50, 123), ((75, 151), 0, 173, 51, 122), ((75, 152), 0, 173, 52, 121), ((75, 153), 0, 173, 53, 120), ((75, 154), 0, 173, 54, 119), ((75, 155), 0, 173, 55, 118), ((75, 156), 0, 173, 56, 117), ((75, 157), 0, 173, 57, 116), ((75, 158), 0, 173, 58, 115), ((75, 159), 0, 173, 59, 114), ((75, 160), 0, 173, 60, 113), ((75, 161), 0, 173, 61, 112), ((75, 162), 0, 173, 62, 111), ((75, 163), 0, 173, 63, 110), ((75, 164), 0, 173, 64, 109), ((75, 165), 0, 173, 65, 108), ((75, 166), 0, 173, 66, 107), ((75, 167), 0, 173, 67, 106), ((75, 168), 0, 173, 68, 105), ((75, 169), 0, 173, 69, 104), ((75, 170), 0, 173, 70, 103), ((75, 171), 0, 173, 71, 102), ((75, 172), 0, 173, 72, 101), ((75, 173), 0, 173, 73, 100), ((75, 174), 0, 173, 74, 99), ((75, 175), 0, 173, 75, 98), ((75, 176), 0, 173, 76, 97), ((75, 177), 0, 173, 77, 96), ((75, 178), 0, 173, 78, 95), ((75, 179), 0, 173, 79, 94), ((75, 180), 0, 173, 80, 93), ((75, 181), 0, 173, 81, 92), ((75, 182), 0, 173, 82, 91), ((75, 183), 0, 173, 83, 90), ((75, 184), 0, 173, 84, 89), ((75, 185), 0, 173, 85, 88), ((75, 186), 0, 173, 86, 87), ((75, 187), 0, 173, 87, 86), ((75, 188), 0, 173, 88, 85), ((75, 189), 0, 173, 89, 84), ((75, 190), 0, 173, 90, 83), ((75, 191), 0, 173, 91, 82), ((75, 192), 0, 173, 92, 81), ((75, 193), 0, 173, 93, 80), ((75, 194), 0, 173, 94, 79), ((75, 195), 0, 173, 95, 78), ((75, 196), 0, 173, 96, 77), ((75, 197), 0, 173, 97, 76), ((75, 198), 0, 173, 98, 75), ((75, 199), 0, 173, 99, 74), ((76, 199), 0, 173, 100, 73), ((77, 199), 0, 173, 101, 72), ((78, 199), 0, 173, 102, 71), ((79, 199), 0, 173, 103, 70), ((80, 199), 0, 173, 104, 69), ((81, 199), 0, 173, 105, 68), ((82, 199), 0, 173, 106, 67), ((83, 199), 0, 173, 107, 66), ((84, 199), 0, 173, 108, 65), ((85, 199), 0, 173, 109, 64), ((86, 199), 0, 173, 110, 63), ((87, 199), 0, 173, 111, 62), ((88, 199), 0, 173, 112, 61), ((89, 199), 0, 173, 113, 60), ((90, 199), 0, 173, 114, 59), ((91, 199), 0, 173, 115, 58), ((92, 199), 0, 173, 116, 57), ((93, 199), 0, 173, 117, 56), ((94, 199), 0, 173, 118, 55), ((95, 199), 0, 173, 119, 54), ((96, 199), 0, 173, 120, 53), ((97, 199), 0, 173, 121, 52), ((98, 199), 0, 173, 122, 51), ((99, 199), 0, 173, 123, 50), ((100, 199), 0, 173, 124, 49), ((101, 199), 0, 173, 125, 48), ((102, 199), 0, 173, 126, 47), ((103, 199), 0, 173, 127, 46), ((104, 199), 0, 173, 128, 45), ((105, 199), 0, 173, 129, 44), ((106, 199), 0, 173, 130, 43), ((107, 199), 0, 173, 131, 42), ((108, 199), 0, 173, 132, 41), ((109, 199), 0, 173, 133, 40), ((110, 199), 0, 173, 134, 39), ((111, 199), 0, 173, 135, 38), ((112, 199), 0, 173, 136, 37), ((113, 199), 0, 173, 137, 36), ((114, 199), 0, 173, 138, 35), ((115, 199), 0, 173, 139, 34), ((116, 199), 0, 173, 140, 33), ((117, 199), 0, 173, 141, 32), ((118, 199), 0, 173, 142, 31), ((119, 199), 0, 173, 143, 30), ((120, 199), 0, 173, 144, 29), ((121, 199), 0, 173, 145, 28), ((122, 199), 0, 173, 146, 27), ((123, 199), 0, 173, 147, 26), ((124, 199), 0, 173, 148, 25), ((125, 199), 0, 173, 149, 24), ((126, 199), 0, 173, 150, 23), ((127, 199), 0, 173, 151, 22), ((128, 199), 0, 173, 152, 21), ((129, 199), 0, 173, 153, 20), ((130, 199), 0, 173, 154, 19), ((131, 199), 0, 173, 155, 18), ((132, 199), 0, 173, 156, 17), ((133, 199), 0, 173, 157, 16), ((134, 199), 0, 173, 158, 15), ((135, 199), 0, 173, 159, 14), ((136, 199), 0, 173, 160, 13), ((137, 199), 0, 173, 161, 12), ((138, 199), 0, 173, 162, 11), ((139, 199), 0, 173, 163, 10), ((140, 199), 0, 173, 164, 9), ((141, 199), 0, 173, 165, 8), ((142, 199), 0, 173, 166, 7), ((143, 199), 0, 173, 167, 6), ((144, 199), 0, 173, 168, 5), ((145, 199), 0, 173, 169, 4), ((146, 199), 0, 173, 170, 3), ((147, 199), 0, 173, 171, 2), ((148, 199), 0, 173, 172, 1), ((149, 199), 2, 173, 173, 0)]

a_star euclidean_distance -> Result:
total_distance: 173
time: 423.078125
checked_cells_no: 10845
memory: 375
path: [((75, 100), 1, 123.60016181219181, 0, 123.60016181219181), ((75, 101), 0, 123.80065146407001, 1, 122.80065146407001), ((75, 102), 0, 124.00409829181969, 2, 122.00409829181969), ((75, 103), 0, 124.21056059601408, 3, 121.21056059601408), ((75, 104), 0, 124.42009799032718, 4, 120.42009799032718), ((75, 105), 0, 124.63277142990545, 5, 119.63277142990545), ((75, 106), 0, 124.84864324004712, 6, 118.84864324004712), ((75, 107), 0, 125.06777714516353, 7, 118.06777714516353), ((75, 108), 0, 125.29023829799307, 8, 117.29023829799307), ((75, 109), 0, 125.51609330903607, 9, 116.51609330903607), ((75, 110), 0, 125.74541027617467, 10, 115.74541027617467), ((75, 111), 0, 125.97825881443848, 11, 114.97825881443848), ((75, 112), 0, 126.21471008587291, 12, 114.21471008587291), ((75, 113), 0, 126.45483682946268, 13, 113.45483682946268), ((75, 114), 0, 126.69871339105873, 14, 112.69871339105873), ((75, 115), 0, 126.94641575325224, 15, 111.94641575325224), ((75, 116), 0, 127.19802156513397, 16, 111.19802156513397), ((75, 117), 0, 127.45361017187261, 17, 110.45361017187261), ((75, 118), 0, 127.71326264403953, 18, 109.71326264403953), ((75, 119), 0, 127.97706180660222, 19, 108.97706180660222), ((75, 120), 0, 128.2450922675019, 20, 108.2450922675019), ((75, 121), 0, 128.5174404457249, 21, 107.5174404457249), ((75, 122), 0, 128.79419459877022, 22, 106.7941945987702), ((75, 123), 0, 129.07544484940894, 23, 106.07544484940895), ((75, 124), 0, 129.3612832116238, 24, 105.3612832116238), ((75, 125), 0, 129.65180361560903, 25, 104.65180361560904), ((75, 126), 0, 129.94710193170368, 26, 103.9471019317037), ((76, 126), 0, 130.23759005323592, 27, 103.23759005323593), ((76, 127), 0, 130.5329215423027, 28, 102.53292154230269), ((77, 127), 0, 130.82337649086284, 29, 101.82337649086284), ((77, 128), 0, 131.11874208078342, 30, 101.11874208078342), ((78, 128), 0, 131.40916292848976, 31, 100.40916292848975), ((78, 129), 0, 131.70456358662827, 32, 99.70456358662827), ((79, 129), 0, 131.99494936611666, 33, 98.99494936611666), ((79, 130), 0, 132.29038610159185, 34, 98.29038610159185), ((80, 130), 0, 132.58073580374355, 35, 97.58073580374356), ((80, 131), 0, 132.87620966986685, 36, 96.87620966986684), ((81, 131), 0, 133.16652224137044, 37, 96.16652224137046), ((81, 132), 0, 133.46203433826454, 38, 95.46203433826454), ((82, 132), 0, 133.75230867899737, 39, 94.75230867899737), ((82, 133), 0, 134.04786015641184, 40, 94.04786015641186), ((83, 133), 0, 134.3380951166243, 41, 93.33809511662427), ((83, 134), 0, 134.63368717696602, 42, 92.63368717696602), ((84, 134), 0, 134.92388155425118, 43, 91.92388155425118), ((84, 135), 0, 135.2195154558497, 44, 91.21951545584969), ((85, 135), 0, 135.50966799187808, 45, 90.50966799187809), ((85, 136), 0, 135.80534505250787, 46, 89.80534505250787), ((86, 136), 0, 136.09545442950497, 47, 89.09545442950498), ((86, 137), 0, 136.3911760301898, 48, 88.3911760301898), ((87, 137), 0, 136.6812408671319, 49, 87.68124086713189), ((87, 138), 0, 136.97700845625815, 50, 86.97700845625813), ((88, 138), 0, 137.2670273047588, 51, 86.2670273047588), ((88, 139), 0, 137.56284240252893, 52, 85.56284240252891), ((89, 139), 0, 137.8528137423857, 53, 84.8528137423857), ((89, 140), 0, 138.14867794564572, 54, 84.1486779456457), ((90, 140), 0, 138.4386001800126, 55, 83.43860018001261), ((90, 141), 0, 138.73451516749222, 56, 82.73451516749222), ((91, 141), 0, 139.0243866176395, 57, 82.02438661763951), ((91, 142), 0, 139.3203541556479, 58, 81.32035415564789), ((92, 142), 0, 139.61017305526642, 59, 80.61017305526642), ((92, 143), 0, 139.90619500389192, 60, 79.90619500389191), ((93, 143), 0, 140.19595949289334, 61, 79.19595949289332), ((93, 144), 0, 140.49203781276162, 62, 78.49203781276162), ((94, 144), 0, 140.78174593052023, 63, 77.78174593052023), ((94, 145), 0, 141.07788269017254, 64, 77.07788269017254), ((95, 145), 0, 141.36753236814712, 65, 76.36753236814714), ((95, 146), 0, 141.66372975210777, 66, 75.66372975210778), ((96, 146), 0, 141.95331880577402, 67, 74.95331880577403), ((96, 147), 0, 142.2495791233863, 68, 74.24957912338628), ((97, 147), 0, 142.53910524340094, 69, 73.53910524340094), ((97, 148), 0, 142.83543093852057, 70, 72.83543093852057), ((98, 148), 0, 143.12489168102786, 71, 72.12489168102785), ((98, 149), 0, 143.42128534267638, 72, 71.42128534267638), ((99, 149), 0, 143.71067811865476, 73, 70.71067811865476), ((99, 150), 0, 144.00714249274856, 74, 70.00714249274856), ((100, 150), 0, 144.29646455628165, 75, 69.29646455628166), ((100, 151), 0, 144.59300255857005, 76, 68.59300255857006), ((101, 151), 0, 144.88225099390854, 77, 67.88225099390856), ((101, 152), 0, 145.17886572427375, 78, 67.17886572427373), ((102, 152), 0, 145.46803743153546, 79, 66.46803743153546), ((102, 153), 0, 145.76473218982954, 80, 65.76473218982953), ((103, 153), 0, 146.0538238691624, 81, 65.05382386916237), ((103, 154), 0, 146.35060217278468, 82, 64.35060217278468), ((104, 154), 0, 146.63961030678928, 83, 63.63961030678928), ((104, 155), 0, 146.93647591023824, 84, 62.93647591023825), ((105, 155), 0, 147.22539674441617, 85, 62.22539674441618), ((105, 156), 0, 147.5223536610881, 86, 61.5223536610881), ((106, 156), 0, 147.8111831820431, 87, 60.81118318204309), ((106, 157), 0, 148.10823570859486, 88, 60.108235708594876), ((107, 157), 0, 148.39696961967, 89, 59.39696961966999), ((107, 158), 0, 148.69412236331675, 90, 58.69412236331676), ((108, 158), 0, 148.9827560572969, 91, 57.982756057296896), ((108, 159), 0, 149.28001396647875, 92, 57.28001396647874), ((109, 159), 0, 149.5685424949238, 93, 56.568542494923804), ((109, 160), 0, 149.86591089385368, 94, 55.86591089385369), ((110, 160), 0, 150.1543289325507, 95, 55.154328932550705), ((110, 161), 0, 150.45181356024793, 96, 54.45181356024793), ((111, 161), 0, 150.74011537017762, 97, 53.74011537017761), ((111, 162), 0, 151.03772242470447, 98, 53.03772242470448), ((112, 162), 0, 151.3259018078045, 99, 52.32590180780452), ((112, 163), 0, 151.62363799656123, 100, 51.62363799656123), ((113, 163), 0, 151.91168824543144, 101, 50.91168824543142), ((113, 164), 0, 152.20956084253277, 102, 50.20956084253277), ((114, 164), 0, 152.49747468305833, 103, 49.49747468305833), ((114, 165), 0, 152.7954915950234, 104, 48.79549159502341), ((115, 165), 0, 153.08326112068522, 105, 48.08326112068523), ((115, 166), 0, 153.38143096192854, 106, 47.38143096192854), ((116, 166), 0, 153.66904755831214, 107, 46.66904755831214), ((116, 167), 0, 153.9673797382448, 108, 45.967379738244816), ((117, 167), 0, 154.25483399593904, 109, 45.254833995939045), ((117, 168), 0, 154.55333881989094, 110, 44.553338819890925), ((118, 168), 0, 154.84062043356596, 111, 43.840620433565945), ((118, 169), 0, 155.139309220246, 112, 43.139309220245984), ((119, 169), 0, 155.42640687119285, 113, 42.42640687119285), ((119, 170), 0, 155.72529209005012, 114, 41.72529209005013), ((120, 170), 0, 156.01219330881975, 115, 41.012193308819754), ((120, 171), 0, 156.31128874149275, 116, 40.311288741492746), ((121, 171), 0, 156.59797974644667, 117, 39.59797974644666), ((121, 172), 0, 156.89730067755346, 118, 38.897300677553446), ((122, 172), 0, 157.18376618407356, 119, 38.18376618407357), ((122, 173), 0, 157.48332962798264, 120, 37.48332962798263), ((123, 173), 0, 157.76955262170048, 121, 36.76955262170047), ((123, 174), 0, 158.06937759374287, 122, 36.069377593742864), ((124, 174), 0, 158.35533905932738, 123, 35.35533905932738), ((124, 175), 0, 158.6554469023269, 124, 34.655446902326915), ((125, 175), 0, 158.94112549695427, 125, 33.94112549695428), ((125, 176), 0, 159.24154027718933, 126, 33.24154027718932), ((126, 176), 0, 159.5269119345812, 127, 32.526911934581186), ((126, 177), 0, 159.82766092567908, 128, 31.827660925679098), ((127, 177), 0, 160.1126983722081, 129, 31.11269837220809), ((127, 178), 0, 160.4138126514911, 130, 30.4138126514911), ((128, 178), 0, 160.698484809835, 131, 29.698484809834994), ((128, 179), 0, 161.0, 132, 29.0), ((129, 179), 0, 161.2842712474619, 133, 28.284271247461902), ((129, 180), 0, 161.58622844826743, 134, 27.586228448267445), ((130, 180), 0, 161.8700576850888, 135, 26.870057685088806), ((130, 181), 0, 162.17250465660481, 136, 26.1725046566048), ((131, 181), 0, 162.45584412271572, 137, 25.45584412271571), ((131, 182), 0, 162.7588368062799, 138, 24.758836806279895), ((132, 182), 0, 163.0416305603426, 139, 24.041630560342615), ((132, 183), 0, 163.34523505985752, 140, 23.345235059857504), ((133, 183), 0, 163.62741699796953, 141, 22.627416997969522), ((133, 184), 0, 163.93171219946132, 142, 21.93171219946131), ((134, 184), 0, 164.21320343559643, 143, 21.213203435596427), ((134, 185), 0, 164.51828452868318, 144, 20.518284528683193), ((135, 185), 0, 164.79898987322332, 145, 19.79898987322333), ((135, 186), 0, 165.1049731745428, 146, 19.1049731745428), ((136, 186), 0, 165.38477631085024, 147, 18.384776310850235), ((136, 187), 0, 165.69180601295415, 148, 17.69180601295413), ((137, 187), 0, 165.97056274847714, 149, 16.97056274847714), ((137, 188), 0, 166.2788205960997, 150, 16.278820596099706), ((138, 188), 0, 166.55634918610406, 151, 15.556349186104045), ((138, 189), 0, 166.8660687473185, 152, 14.866068747318506), ((139, 189), 0, 167.14213562373095, 153, 14.142135623730951), ((139, 190), 0, 167.4536240470737, 154, 13.45362404707371), ((140, 190), 0, 167.72792206135784, 155, 12.727922061357855), ((140, 191), 0, 168.04159457879229, 156, 12.041594578792296), ((141, 191), 0, 168.31370849898477, 157, 11.313708498984761), ((141, 192), 0, 168.63014581273464, 158, 10.63014581273465), ((142, 192), 0, 168.89949493661166, 159, 9.899494936611665), ((142, 193), 0, 169.2195444572929, 160, 9.219544457292887), ((143, 193), 0, 169.48528137423858, 161, 8.48528137423857), ((143, 194), 0, 169.81024967590665, 162, 7.810249675906654), ((144, 194), 0, 170.07106781186548, 163, 7.0710678118654755), ((144, 195), 0, 170.40312423743285, 164, 6.4031242374328485), ((145, 195), 0, 170.65685424949237, 165, 5.656854249492381), ((145, 196), 0, 171.0, 166, 5.0), ((146, 196), 0, 171.2426406871193, 167, 4.242640687119285), ((146, 197), 0, 171.605551275464, 168, 3.605551275463989), ((147, 197), 0, 171.82842712474618, 169, 2.8284271247461903), ((147, 198), 0, 172.2360679774998, 170, 2.23606797749979), ((148, 198), 0, 172.4142135623731, 171, 1.4142135623730951), ((148, 199), 0, 173.0, 172, 1.0), ((149, 199), 2, 173.0, 173, 0.0)]

