dfs -> Result:
total_distance: Not Reachable
time: 422.09375
checked_cells_no: 9487
memory: 2501

bfs -> Result:
total_distance: 276
time: 1644.75
checked_cells_no: 31756
memory: 189
path: [((10, 90), 1, 0, 0, inf), ((10, 91), 0, 1, 1, inf), ((10, 92), 0, 2, 2, inf), ((11, 92), 0, 3, 3, inf), ((11, 93), 0, 4, 4, inf), ((11, 94), 0, 5, 5, inf), ((11, 95), 0, 6, 6, inf), ((12, 95), 0, 7, 7, inf), ((12, 96), 0, 8, 8, inf), ((13, 96), 0, 9, 9, inf), ((14, 96), 0, 10, 10, inf), ((15, 96), 0, 11, 11, inf), ((16, 96), 0, 12, 12, inf), ((16, 97), 0, 13, 13, inf), ((16, 98), 0, 14, 14, inf), ((16, 99), 0, 15, 15, inf), ((16, 100), 0, 16, 16, inf), ((16, 101), 0, 17, 17, inf), ((16, 102), 0, 18, 18, inf), ((16, 103), 0, 19, 19, inf), ((17, 103), 0, 20, 20, inf), ((18, 103), 0, 21, 21, inf), ((18, 104), 0, 22, 22, inf), ((18, 105), 0, 23, 23, inf), ((18, 106), 0, 24, 24, inf), ((19, 106), 0, 25, 25, inf), ((19, 107), 0, 26, 26, inf), ((20, 107), 0, 27, 27, inf), ((21, 107), 0, 28, 28, inf), ((21, 108), 0, 29, 29, inf), ((22, 108), 0, 30, 30, inf), ((22, 109), 0, 31, 31, inf), ((22, 110), 0, 32, 32, inf), ((22, 111), 0, 33, 33, inf), ((22, 112), 0, 34, 34, inf), ((22, 113), 0, 35, 35, inf), ((23, 113), 0, 36, 36, inf), ((24, 113), 0, 37, 37, inf), ((25, 113), 0, 38, 38, inf), ((25, 114), 0, 39, 39, inf), ((26, 114), 0, 40, 40, inf), ((27, 114), 0, 41, 41, inf), ((28, 114), 0, 42, 42, inf), ((29, 114), 0, 43, 43, inf), ((30, 114), 0, 44, 44, inf), ((31, 114), 0, 45, 45, inf), ((31, 115), 0, 46, 46, inf), ((32, 115), 0, 47, 47, inf), ((32, 116), 0, 48, 48, inf), ((33, 116), 0, 49, 49, inf), ((34, 116), 0, 50, 50, inf), ((34, 117), 0, 51, 51, inf), ((34, 118), 0, 52, 52, inf), ((34, 119), 0, 53, 53, inf), ((34, 120), 0, 54, 54, inf), ((34, 121), 0, 55, 55, inf), ((35, 121), 0, 56, 56, inf), ((35, 122), 0, 57, 57, inf), ((35, 123), 0, 58, 58, inf), ((36, 123), 0, 59, 59, inf), ((36, 124), 0, 60, 60, inf), ((37, 124), 0, 61, 61, inf), ((38, 124), 0, 62, 62, inf), ((39, 124), 0, 63, 63, inf), ((39, 125), 0, 64, 64, inf), ((39, 126), 0, 65, 65, inf), ((39, 127), 0, 66, 66, inf), ((40, 127), 0, 67, 67, inf), ((41, 127), 0, 68, 68, inf), ((41, 128), 0, 69, 69, inf), ((41, 129), 0, 70, 70, inf), ((42, 129), 0, 71, 71, inf), ((43, 129), 0, 72, 72, inf), ((44, 129), 0, 73, 73, inf), ((45, 129), 0, 74, 74, inf), ((46, 129), 0, 75, 75, inf), ((46, 130), 0, 76, 76, inf), ((46, 131), 0, 77, 77, inf), ((47, 131), 0, 78, 78, inf), ((48, 131), 0, 79, 79, inf), ((49, 131), 0, 80, 80, inf), ((49, 132), 0, 81, 81, inf), ((49, 133), 0, 82, 82, inf), ((49, 134), 0, 83, 83, inf), ((49, 135), 0, 84, 84, inf), ((50, 135), 0, 85, 85, inf), ((51, 135), 0, 86, 86, inf), ((52, 135), 0, 87, 87, inf), ((52, 136), 0, 88, 88, inf), ((53, 136), 0, 89, 89, inf), ((54, 136), 0, 90, 90, inf), ((55, 136), 0, 91, 91, inf), ((56, 136), 0, 92, 92, inf), ((57, 136), 0, 93, 93, inf), ((58, 136), 0, 94, 94, inf), ((59, 136), 0, 95, 95, inf), ((59, 137), 0, 96, 96, inf), ((59, 138), 0, 97, 97, inf), ((60, 138), 0, 98, 98, inf), ((61, 138), 0, 99, 99, inf), ((61, 139), 0, 100, 100, inf), ((62, 139), 0, 101, 101, inf), ((63, 139), 0, 102, 102, inf), ((64, 139), 0, 103, 103, inf), ((64, 140), 0, 104, 104, inf), ((64, 141), 0, 105, 105, inf), ((64, 142), 0, 106, 106, inf), ((65, 142), 0, 107, 107, inf), ((66, 142), 0, 108, 108, inf), ((67, 142), 0, 109, 109, inf), ((68, 142), 0, 110, 110, inf), ((69, 142), 0, 111, 111, inf), ((70, 142), 0, 112, 112, inf), ((71, 142), 0, 113, 113, inf), ((72, 142), 0, 114, 114, inf), ((73, 142), 0, 115, 115, inf), ((74, 142), 0, 116, 116, inf), ((75, 142), 0, 117, 117, inf), ((76, 142), 0, 118, 118, inf), ((77, 142), 0, 119, 119, inf), ((78, 142), 0, 120, 120, inf), ((79, 142), 0, 121, 121, inf), ((79, 143), 0, 122, 122, inf), ((79, 144), 0, 123, 123, inf), ((80, 144), 0, 124, 124, inf), ((81, 144), 0, 125, 125, inf), ((82, 144), 0, 126, 126, inf), ((83, 144), 0, 127, 127, inf), ((84, 144), 0, 128, 128, inf), ((84, 145), 0, 129, 129, inf), ((84, 146), 0, 130, 130, inf), ((85, 146), 0, 131, 131, inf), ((85, 147), 0, 132, 132, inf), ((85, 148), 0, 133, 133, inf), ((85, 149), 0, 134, 134, inf), ((85, 150), 0, 135, 135, inf), ((85, 151), 0, 136, 136, inf), ((85, 152), 0, 137, 137, inf), ((86, 152), 0, 138, 138, inf), ((87, 152), 0, 139, 139, inf), ((88, 152), 0, 140, 140, inf), ((89, 152), 0, 141, 141, inf), ((90, 152), 0, 142, 142, inf), ((91, 152), 0, 143, 143, inf), ((92, 152), 0, 144, 144, inf), ((92, 153), 0, 145, 145, inf), ((93, 153), 0, 146, 146, inf), ((93, 154), 0, 147, 147, inf), ((94, 154), 0, 148, 148, inf), ((95, 154), 0, 149, 149, inf), ((95, 155), 0, 150, 150, inf), ((95, 156), 0, 151, 151, inf), ((96, 156), 0, 152, 152, inf), ((97, 156), 0, 153, 153, inf), ((97, 157), 0, 154, 154, inf), ((98, 157), 0, 155, 155, inf), ((99, 157), 0, 156, 156, inf), ((99, 158), 0, 157, 157, inf), ((99, 159), 0, 158, 158, inf), ((99, 160), 0, 159, 159, inf), ((99, 161), 0, 160, 160, inf), ((100, 161), 0, 161, 161, inf), ((100, 162), 0, 162, 162, inf), ((101, 162), 0, 163, 163, inf), ((102, 162), 0, 164, 164, inf), ((103, 162), 0, 165, 165, inf), ((103, 163), 0, 166, 166, inf), ((103, 164), 0, 167, 167, inf), ((104, 164), 0, 168, 168, inf), ((105, 164), 0, 169, 169, inf), ((106, 164), 0, 170, 170, inf), ((107, 164), 0, 171, 171, inf), ((108, 164), 0, 172, 172, inf), ((109, 164), 0, 173, 173, inf), ((110, 164), 0, 174, 174, inf), ((111, 164), 0, 175, 175, inf), ((112, 164), 0, 176, 176, inf), ((113, 164), 0, 177, 177, inf), ((114, 164), 0, 178, 178, inf), ((115, 164), 0, 179, 179, inf), ((115, 165), 0, 180, 180, inf), ((116, 165), 0, 181, 181, inf), ((117, 165), 0, 182, 182, inf), ((118, 165), 0, 183, 183, inf), ((119, 165), 0, 184, 184, inf), ((120, 165), 0, 185, 185, inf), ((121, 165), 0, 186, 186, inf), ((122, 165), 0, 187, 187, inf), ((123, 165), 0, 188, 188, inf), ((123, 166), 0, 189, 189, inf), ((124, 166), 0, 190, 190, inf), ((125, 166), 0, 191, 191, inf), ((126, 166), 0, 192, 192, inf), ((127, 166), 0, 193, 193, inf), ((128, 166), 0, 194, 194, inf), ((128, 167), 0, 195, 195, inf), ((129, 167), 0, 196, 196, inf), ((130, 167), 0, 197, 197, inf), ((131, 167), 0, 198, 198, inf), ((131, 168), 0, 199, 199, inf), ((132, 168), 0, 200, 200, inf), ((132, 169), 0, 201, 201, inf), ((132, 170), 0, 202, 202, inf), ((133, 170), 0, 203, 203, inf), ((134, 170), 0, 204, 204, inf), ((134, 171), 0, 205, 205, inf), ((135, 171), 0, 206, 206, inf), ((136, 171), 0, 207, 207, inf), ((136, 172), 0, 208, 208, inf), ((136, 173), 0, 209, 209, inf), ((137, 173), 0, 210, 210, inf), ((137, 174), 0, 211, 211, inf), ((138, 174), 0, 212, 212, inf), ((139, 174), 0, 213, 213, inf), ((139, 175), 0, 214, 214, inf), ((139, 176), 0, 215, 215, inf), ((140, 176), 0, 216, 216, inf), ((141, 176), 0, 217, 217, inf), ((142, 176), 0, 218, 218, inf), ((143, 176), 0, 219, 219, inf), ((144, 176), 0, 220, 220, inf), ((144, 177), 0, 221, 221, inf), ((145, 177), 0, 222, 222, inf), ((146, 177), 0, 223, 223, inf), ((147, 177), 0, 224, 224, inf), ((148, 177), 0, 225, 225, inf), ((149, 177), 0, 226, 226, inf), ((150, 177), 0, 227, 227, inf), ((151, 177), 0, 228, 228, inf), ((151, 178), 0, 229, 229, inf), ((151, 179), 0, 230, 230, inf), ((152, 179), 0, 231, 231, inf), ((153, 179), 0, 232, 232, inf), ((154, 179), 0, 233, 233, inf), ((155, 179), 0, 234, 234, inf), ((156, 179), 0, 235, 235, inf), ((157, 179), 0, 236, 236, inf), ((158, 179), 0, 237, 237, inf), ((159, 179), 0, 238, 238, inf), ((160, 179), 0, 239, 239, inf), ((160, 180), 0, 240, 240, inf), ((161, 180), 0, 241, 241, inf), ((162, 180), 0, 242, 242, inf), ((162, 181), 0, 243, 243, inf), ((163, 181), 0, 244, 244, inf), ((164, 181), 0, 245, 245, inf), ((164, 182), 0, 246, 246, inf), ((164, 183), 0, 247, 247, inf), ((164, 184), 0, 248, 248, inf), ((165, 184), 0, 249, 249, inf), ((166, 184), 0, 250, 250, inf), ((167, 184), 0, 251, 251, inf), ((168, 184), 0, 252, 252, inf), ((168, 185), 0, 253, 253, inf), ((169, 185), 0, 254, 254, inf), ((170, 185), 0, 255, 255, inf), ((170, 186), 0, 256, 256, inf), ((171, 186), 0, 257, 257, inf), ((172, 186), 0, 258, 258, inf), ((173, 186), 0, 259, 259, inf), ((174, 186), 0, 260, 260, inf), ((175, 186), 0, 261, 261, inf), ((176, 186), 0, 262, 262, inf), ((177, 186), 0, 263, 263, inf), ((178, 186), 0, 264, 264, inf), ((178, 187), 0, 265, 265, inf), ((179, 187), 0, 266, 266, inf), ((180, 187), 0, 267, 267, inf), ((181, 187), 0, 268, 268, inf), ((182, 187), 0, 269, 269, inf), ((183, 187), 0, 270, 270, inf), ((183, 188), 0, 271, 271, inf), ((183, 189), 0, 272, 272, inf), ((183, 190), 0, 273, 273, inf), ((184, 190), 0, 274, 274, inf), ((185, 190), 0, 275, 275, inf), ((186, 190), 2, 276, 276, inf)]

greedy_best_first_search chebyshev_distance -> Result:
total_distance: 300
time: 14.828125
checked_cells_no: 616
memory: 300
path: [((10, 90), 1, 176, 0, 176), ((10, 89), 0, 176, 1, 176), ((11, 89), 0, 175, 2, 175), ((12, 89), 0, 174, 3, 174), ((12, 88), 0, 174, 4, 174), ((12, 87), 0, 174, 5, 174), ((13, 87), 0, 173, 6, 173), ((14, 87), 0, 172, 7, 172), ((14, 86), 0, 172, 8, 172), ((15, 86), 0, 171, 9, 171), ((16, 86), 0, 170, 10, 170), ((17, 86), 0, 169, 11, 169), ((18, 86), 0, 168, 12, 168), ((19, 86), 0, 167, 13, 167), ((20, 86), 0, 166, 14, 166), ((21, 86), 0, 165, 15, 165), ((22, 86), 0, 164, 16, 164), ((23, 86), 0, 163, 17, 163), ((23, 85), 0, 163, 18, 163), ((24, 85), 0, 162, 19, 162), ((25, 85), 0, 161, 20, 161), ((25, 84), 0, 161, 21, 161), ((26, 84), 0, 160, 22, 160), ((27, 84), 0, 159, 23, 159), ((28, 84), 0, 158, 24, 158), ((29, 84), 0, 157, 25, 157), ((30, 84), 0, 156, 26, 156), ((31, 84), 0, 155, 27, 155), ((31, 83), 0, 155, 28, 155), ((32, 83), 0, 154, 29, 154), ((33, 83), 0, 153, 30, 153), ((34, 83), 0, 152, 31, 152), ((34, 84), 0, 152, 32, 152), ((34, 85), 0, 152, 33, 152), ((35, 85), 0, 151, 34, 151), ((36, 85), 0, 150, 35, 150), ((36, 84), 0, 150, 36, 150), ((37, 84), 0, 149, 37, 149), ((38, 84), 0, 148, 38, 148), ((39, 84), 0, 147, 39, 147), ((39, 85), 0, 147, 40, 147), ((40, 85), 0, 146, 41, 146), ((41, 85), 0, 145, 42, 145), ((42, 85), 0, 144, 43, 144), ((43, 85), 0, 143, 44, 143), ((44, 85), 0, 142, 45, 142), ((45, 85), 0, 141, 46, 141), ((46, 85), 0, 140, 47, 140), ((47, 85), 0, 139, 48, 139), ((48, 85), 0, 138, 49, 138), ((49, 85), 0, 137, 50, 137), ((50, 85), 0, 136, 51, 136), ((51, 85), 0, 135, 52, 135), ((52, 85), 0, 134, 53, 134), ((53, 85), 0, 133, 54, 133), ((54, 85), 0, 132, 55, 132), ((55, 85), 0, 131, 56, 131), ((56, 85), 0, 130, 57, 130), ((57, 85), 0, 129, 58, 129), ((58, 85), 0, 128, 59, 128), ((59, 85), 0, 127, 60, 127), ((60, 85), 0, 126, 61, 126), ((60, 84), 0, 126, 62, 126), ((61, 84), 0, 125, 63, 125), ((62, 84), 0, 124, 64, 124), ((63, 84), 0, 123, 65, 123), ((63, 83), 0, 123, 66, 123), ((64, 83), 0, 122, 67, 122), ((65, 83), 0, 121, 68, 121), ((66, 83), 0, 120, 69, 120), ((67, 83), 0, 119, 70, 119), ((68, 83), 0, 118, 71, 118), ((69, 83), 0, 117, 72, 117), ((70, 83), 0, 116, 73, 116), ((71, 83), 0, 115, 74, 115), ((72, 83), 0, 114, 75, 114), ((73, 83), 0, 113, 76, 113), ((74, 83), 0, 112, 77, 112), ((75, 83), 0, 111, 78, 111), ((76, 83), 0, 110, 79, 110), ((77, 83), 0, 109, 80, 109), ((77, 82), 0, 109, 81, 109), ((78, 82), 0, 108, 82, 108), ((79, 82), 0, 108, 83, 108), ((79, 83), 0, 107, 84, 107), ((79, 84), 0, 107, 85, 107), ((80, 84), 0, 106, 86, 106), ((80, 85), 0, 106, 87, 106), ((81, 85), 0, 105, 88, 105), ((81, 86), 0, 105, 89, 105), ((82, 86), 0, 104, 90, 104), ((82, 87), 0, 104, 91, 104), ((83, 87), 0, 103, 92, 103), ((83, 88), 0, 103, 93, 103), ((84, 88), 0, 102, 94, 102), ((84, 89), 0, 102, 95, 102), ((85, 89), 0, 101, 96, 101), ((86, 89), 0, 101, 97, 101), ((86, 90), 0, 100, 98, 100), ((86, 91), 0, 100, 99, 100), ((87, 91), 0, 99, 100, 99), ((88, 91), 0, 99, 101, 99), ((89, 91), 0, 99, 102, 99), ((90, 91), 0, 99, 103, 99), ((90, 92), 0, 98, 104, 98), ((90, 93), 0, 97, 105, 97), ((90, 94), 0, 96, 106, 96), ((90, 95), 0, 96, 107, 96), ((89, 95), 0, 97, 108, 97), ((89, 96), 0, 97, 109, 97), ((89, 97), 0, 97, 110, 97), ((90, 97), 0, 96, 111, 96), ((91, 97), 0, 95, 112, 95), ((92, 97), 0, 94, 113, 94), ((93, 97), 0, 93, 114, 93), ((93, 98), 0, 93, 115, 93), ((94, 98), 0, 92, 116, 92), ((94, 99), 0, 92, 117, 92), ((94, 100), 0, 92, 118, 92), ((94, 101), 0, 92, 119, 92), ((94, 102), 0, 92, 120, 92), ((94, 103), 0, 92, 121, 92), ((95, 103), 0, 91, 122, 91), ((96, 103), 0, 90, 123, 90), ((97, 103), 0, 89, 124, 89), ((98, 103), 0, 88, 125, 88), ((99, 103), 0, 87, 126, 87), ((99, 104), 0, 87, 127, 87), ((100, 104), 0, 86, 128, 86), ((100, 105), 0, 86, 129, 86), ((101, 105), 0, 85, 130, 85), ((101, 106), 0, 85, 131, 85), ((102, 106), 0, 84, 132, 84), ((102, 107), 0, 84, 133, 84), ((103, 107), 0, 83, 134, 83), ((103, 108), 0, 83, 135, 83), ((104, 108), 0, 82, 136, 82), ((104, 109), 0, 82, 137, 82), ((105, 109), 0, 81, 138, 81), ((105, 110), 0, 81, 139, 81), ((106, 110), 0, 80, 140, 80), ((106, 111), 0, 80, 141, 80), ((107, 111), 0, 79, 142, 79), ((107, 112), 0, 79, 143, 79), ((108, 112), 0, 78, 144, 78), ((108, 113), 0, 78, 145, 78), ((108, 114), 0, 78, 146, 78), ((109, 114), 0, 77, 147, 77), ((110, 114), 0, 76, 148, 76), ((111, 114), 0, 76, 149, 76), ((111, 115), 0, 75, 150, 75), ((111, 116), 0, 75, 151, 75), ((112, 116), 0, 74, 152, 74), ((112, 117), 0, 74, 153, 74), ((113, 117), 0, 73, 154, 73), ((114, 117), 0, 73, 155, 73), ((114, 118), 0, 72, 156, 72), ((114, 119), 0, 72, 157, 72), ((115, 119), 0, 71, 158, 71), ((115, 120), 0, 71, 159, 71), ((116, 120), 0, 70, 160, 70), ((117, 120), 0, 70, 161, 70), ((118, 120), 0, 70, 162, 70), ((118, 121), 0, 69, 163, 69), ((118, 122), 0, 68, 164, 68), ((119, 122), 0, 68, 165, 68), ((119, 123), 0, 67, 166, 67), ((119, 124), 0, 67, 167, 67), ((120, 124), 0, 66, 168, 66), ((120, 125), 0, 66, 169, 66), ((120, 126), 0, 66, 170, 66), ((121, 126), 0, 65, 171, 65), ((122, 126), 0, 64, 172, 64), ((123, 126), 0, 64, 173, 64), ((124, 126), 0, 64, 174, 64), ((124, 127), 0, 63, 175, 63), ((124, 128), 0, 62, 176, 62), ((125, 128), 0, 62, 177, 62), ((125, 129), 0, 61, 178, 61), ((125, 130), 0, 61, 179, 61), ((126, 130), 0, 60, 180, 60), ((126, 131), 0, 60, 181, 60), ((127, 131), 0, 59, 182, 59), ((127, 132), 0, 59, 183, 59), ((128, 132), 0, 58, 184, 58), ((128, 133), 0, 58, 185, 58), ((129, 133), 0, 57, 186, 57), ((130, 133), 0, 57, 187, 57), ((130, 134), 0, 56, 188, 56), ((130, 135), 0, 56, 189, 56), ((131, 135), 0, 55, 190, 55), ((131, 136), 0, 55, 191, 55), ((132, 136), 0, 54, 192, 54), ((133, 136), 0, 54, 193, 54), ((133, 137), 0, 53, 194, 53), ((133, 138), 0, 53, 195, 53), ((134, 138), 0, 52, 196, 52), ((134, 139), 0, 52, 197, 52), ((135, 139), 0, 51, 198, 51), ((135, 140), 0, 51, 199, 51), ((136, 140), 0, 50, 200, 50), ((136, 141), 0, 50, 201, 50), ((137, 141), 0, 49, 202, 49), ((137, 142), 0, 49, 203, 49), ((138, 142), 0, 48, 204, 48), ((138, 143), 0, 48, 205, 48), ((138, 144), 0, 48, 206, 48), ((139, 144), 0, 47, 207, 47), ((140, 144), 0, 46, 208, 46), ((140, 145), 0, 46, 209, 46), ((141, 145), 0, 45, 210, 45), ((141, 146), 0, 45, 211, 45), ((142, 146), 0, 44, 212, 44), ((142, 147), 0, 44, 213, 44), ((143, 147), 0, 43, 214, 43), ((144, 147), 0, 43, 215, 43), ((144, 148), 0, 42, 216, 42), ((144, 149), 0, 42, 217, 42), ((145, 149), 0, 41, 218, 41), ((145, 150), 0, 41, 219, 41), ((146, 150), 0, 40, 220, 40), ((146, 151), 0, 40, 221, 40), ((147, 151), 0, 39, 222, 39), ((147, 152), 0, 39, 223, 39), ((148, 152), 0, 38, 224, 38), ((148, 153), 0, 38, 225, 38), ((149, 153), 0, 37, 226, 37), ((150, 153), 0, 37, 227, 37), ((151, 153), 0, 37, 228, 37), ((151, 154), 0, 36, 229, 36), ((151, 155), 0, 35, 230, 35), ((151, 156), 0, 35, 231, 35), ((152, 156), 0, 34, 232, 34), ((152, 157), 0, 34, 233, 34), ((153, 157), 0, 33, 234, 33), ((153, 158), 0, 33, 235, 33), ((154, 158), 0, 32, 236, 32), ((155, 158), 0, 32, 237, 32), ((155, 159), 0, 31, 238, 31), ((156, 159), 0, 31, 239, 31), ((157, 159), 0, 31, 240, 31), ((158, 159), 0, 31, 241, 31), ((158, 160), 0, 30, 242, 30), ((159, 160), 0, 30, 243, 30), ((159, 161), 0, 29, 244, 29), ((159, 162), 0, 28, 245, 28), ((159, 163), 0, 27, 246, 27), ((160, 163), 0, 27, 247, 27), ((161, 163), 0, 27, 248, 27), ((162, 163), 0, 27, 249, 27), ((162, 164), 0, 26, 250, 26), ((162, 165), 0, 25, 251, 25), ((162, 166), 0, 24, 252, 24), ((163, 166), 0, 24, 253, 24), ((163, 167), 0, 23, 254, 23), ((163, 168), 0, 23, 255, 23), ((164, 168), 0, 22, 256, 22), ((164, 169), 0, 22, 257, 22), ((165, 169), 0, 21, 258, 21), ((166, 169), 0, 21, 259, 21), ((167, 169), 0, 21, 260, 21), ((167, 170), 0, 20, 261, 20), ((167, 171), 0, 19, 262, 19), ((168, 171), 0, 19, 263, 19), ((168, 172), 0, 18, 264, 18), ((169, 172), 0, 18, 265, 18), ((169, 173), 0, 17, 266, 17), ((169, 174), 0, 17, 267, 17), ((170, 174), 0, 16, 268, 16), ((171, 174), 0, 16, 269, 16), ((171, 175), 0, 15, 270, 15), ((171, 176), 0, 15, 271, 15), ((172, 176), 0, 14, 272, 14), ((172, 177), 0, 14, 273, 14), ((173, 177), 0, 13, 274, 13), ((173, 178), 0, 13, 275, 13), ((174, 178), 0, 12, 276, 12), ((175, 178), 0, 12, 277, 12), ((175, 179), 0, 11, 278, 11), ((175, 180), 0, 11, 279, 11), ((176, 180), 0, 10, 280, 10), ((176, 181), 0, 10, 281, 10), ((177, 181), 0, 9, 282, 9), ((177, 182), 0, 9, 283, 9), ((178, 182), 0, 8, 284, 8), ((178, 183), 0, 8, 285, 8), ((179, 183), 0, 7, 286, 7), ((179, 184), 0, 7, 287, 7), ((180, 184), 0, 6, 288, 6), ((180, 185), 0, 6, 289, 6), ((181, 185), 0, 5, 290, 5), ((181, 186), 0, 5, 291, 5), ((182, 186), 0, 4, 292, 4), ((182, 187), 0, 4, 293, 4), ((183, 187), 0, 3, 294, 3), ((183, 188), 0, 3, 295, 3), ((183, 189), 0, 3, 296, 3), ((183, 190), 0, 3, 297, 3), ((184, 190), 0, 2, 298, 2), ((185, 190), 0, 1, 299, 1), ((186, 190), 2, 0, 300, 0)]

greedy_best_first_search manhattan_distance -> Result:
total_distance: 318
time: 16.921875
checked_cells_no: 754
memory: 396
path: [((10, 90), 1, 276, 0, 276), ((10, 91), 0, 275, 1, 275), ((10, 92), 0, 274, 2, 274), ((11, 92), 0, 273, 3, 273), ((11, 93), 0, 272, 4, 272), ((11, 94), 0, 271, 5, 271), ((11, 95), 0, 270, 6, 270), ((12, 95), 0, 269, 7, 269), ((12, 96), 0, 268, 8, 268), ((13, 96), 0, 267, 9, 267), ((14, 96), 0, 266, 10, 266), ((15, 96), 0, 265, 11, 265), ((16, 96), 0, 264, 12, 264), ((16, 97), 0, 263, 13, 263), ((16, 98), 0, 262, 14, 262), ((16, 99), 0, 261, 15, 261), ((16, 100), 0, 260, 16, 260), ((16, 101), 0, 259, 17, 259), ((16, 102), 0, 258, 18, 258), ((16, 103), 0, 257, 19, 257), ((17, 103), 0, 256, 20, 256), ((18, 103), 0, 255, 21, 255), ((18, 104), 0, 254, 22, 254), ((18, 105), 0, 253, 23, 253), ((18, 106), 0, 252, 24, 252), ((19, 106), 0, 251, 25, 251), ((19, 107), 0, 250, 26, 250), ((20, 107), 0, 249, 27, 249), ((21, 107), 0, 248, 28, 248), ((21, 108), 0, 247, 29, 247), ((22, 108), 0, 246, 30, 246), ((22, 109), 0, 245, 31, 245), ((22, 110), 0, 244, 32, 244), ((22, 111), 0, 243, 33, 243), ((22, 112), 0, 242, 34, 242), ((22, 113), 0, 241, 35, 241), ((22, 114), 0, 240, 36, 240), ((22, 115), 0, 239, 37, 239), ((23, 115), 0, 238, 38, 238), ((23, 116), 0, 237, 39, 237), ((23, 117), 0, 236, 40, 236), ((23, 118), 0, 235, 41, 235), ((23, 119), 0, 234, 42, 234), ((23, 120), 0, 233, 43, 233), ((23, 121), 0, 232, 44, 232), ((23, 122), 0, 231, 45, 231), ((23, 123), 0, 230, 46, 230), ((24, 123), 0, 229, 47, 229), ((24, 124), 0, 228, 48, 228), ((24, 125), 0, 227, 49, 227), ((24, 126), 0, 226, 50, 226), ((24, 127), 0, 225, 51, 225), ((24, 128), 0, 224, 52, 224), ((24, 129), 0, 223, 53, 223), ((24, 130), 0, 222, 54, 222), ((24, 131), 0, 221, 55, 221), ((24, 132), 0, 220, 56, 220), ((24, 133), 0, 219, 57, 219), ((24, 134), 0, 218, 58, 218), ((24, 135), 0, 217, 59, 217), ((24, 136), 0, 216, 60, 216), ((24, 137), 0, 215, 61, 215), ((24, 138), 0, 214, 62, 214), ((24, 139), 0, 213, 63, 213), ((24, 140), 0, 212, 64, 212), ((24, 141), 0, 211, 65, 211), ((24, 142), 0, 210, 66, 210), ((24, 143), 0, 209, 67, 209), ((24, 144), 0, 208, 68, 208), ((24, 145), 0, 207, 69, 207), ((24, 146), 0, 206, 70, 206), ((24, 147), 0, 205, 71, 205), ((24, 148), 0, 204, 72, 204), ((24, 149), 0, 203, 73, 203), ((24, 150), 0, 202, 74, 202), ((24, 151), 0, 201, 75, 201), ((24, 152), 0, 200, 76, 200), ((24, 153), 0, 199, 77, 199), ((24, 154), 0, 198, 78, 198), ((24, 155), 0, 197, 79, 197), ((25, 155), 0, 196, 80, 196), ((26, 155), 0, 195, 81, 195), ((27, 155), 0, 194, 82, 194), ((27, 156), 0, 193, 83, 193), ((27, 157), 0, 192, 84, 192), ((27, 158), 0, 191, 85, 191), ((27, 159), 0, 190, 86, 190), ((27, 160), 0, 189, 87, 189), ((27, 161), 0, 188, 88, 188), ((27, 162), 0, 187, 89, 187), ((28, 162), 0, 186, 90, 186), ((28, 163), 0, 185, 91, 185), ((28, 164), 0, 184, 92, 184), ((28, 165), 0, 183, 93, 183), ((28, 166), 0, 182, 94, 182), ((28, 167), 0, 181, 95, 181), ((28, 168), 0, 180, 96, 180), ((28, 169), 0, 179, 97, 179), ((29, 169), 0, 178, 98, 178), ((29, 170), 0, 177, 99, 177), ((29, 171), 0, 176, 100, 176), ((29, 172), 0, 175, 101, 175), ((29, 173), 0, 174, 102, 174), ((29, 174), 0, 173, 103, 173), ((30, 174), 0, 172, 104, 172), ((30, 175), 0, 171, 105, 171), ((31, 175), 0, 170, 106, 170), ((31, 176), 0, 169, 107, 169), ((32, 176), 0, 168, 108, 168), ((32, 177), 0, 167, 109, 167), ((32, 178), 0, 166, 110, 166), ((33, 178), 0, 165, 111, 165), ((33, 179), 0, 164, 112, 164), ((33, 180), 0, 163, 113, 163), ((33, 181), 0, 162, 114, 162), ((33, 182), 0, 161, 115, 161), ((34, 182), 0, 160, 116, 160), ((35, 182), 0, 159, 117, 159), ((35, 183), 0, 158, 118, 158), ((36, 183), 0, 157, 119, 157), ((37, 183), 0, 156, 120, 156), ((37, 184), 0, 155, 121, 155), ((38, 184), 0, 154, 122, 154), ((38, 185), 0, 153, 123, 153), ((39, 185), 0, 152, 124, 152), ((39, 186), 0, 151, 125, 151), ((39, 187), 0, 150, 126, 150), ((40, 187), 0, 149, 127, 149), ((40, 188), 0, 148, 128, 148), ((40, 189), 0, 147, 129, 147), ((40, 190), 0, 146, 130, 146), ((40, 191), 0, 147, 131, 147), ((41, 191), 0, 146, 132, 146), ((42, 191), 0, 145, 133, 145), ((43, 191), 0, 144, 134, 144), ((43, 190), 0, 143, 135, 143), ((44, 190), 0, 142, 136, 142), ((45, 190), 0, 141, 137, 141), ((45, 189), 0, 142, 138, 142), ((46, 189), 0, 141, 139, 141), ((47, 189), 0, 140, 140, 140), ((47, 190), 0, 139, 141, 139), ((48, 190), 0, 138, 142, 138), ((49, 190), 0, 137, 143, 137), ((50, 190), 0, 136, 144, 136), ((51, 190), 0, 135, 145, 135), ((52, 190), 0, 134, 146, 134), ((53, 190), 0, 133, 147, 133), ((54, 190), 0, 132, 148, 132), ((55, 190), 0, 131, 149, 131), ((56, 190), 0, 130, 150, 130), ((57, 190), 0, 129, 151, 129), ((58, 190), 0, 128, 152, 128), ((59, 190), 0, 127, 153, 127), ((60, 190), 0, 126, 154, 126), ((61, 190), 0, 125, 155, 125), ((62, 190), 0, 124, 156, 124), ((63, 190), 0, 123, 157, 123), ((64, 190), 0, 122, 158, 122), ((65, 190), 0, 121, 159, 121), ((66, 190), 0, 120, 160, 120), ((67, 190), 0, 119, 161, 119), ((68, 190), 0, 118, 162, 118), ((69, 190), 0, 117, 163, 117), ((70, 190), 0, 116, 164, 116), ((71, 190), 0, 115, 165, 115), ((72, 190), 0, 114, 166, 114), ((73, 190), 0, 113, 167, 113), ((74, 190), 0, 112, 168, 112), ((75, 190), 0, 111, 169, 111), ((76, 190), 0, 110, 170, 110), ((77, 190), 0, 109, 171, 109), ((78, 190), 0, 108, 172, 108), ((79, 190), 0, 107, 173, 107), ((80, 190), 0, 106, 174, 106), ((81, 190), 0, 105, 175, 105), ((82, 190), 0, 104, 176, 104), ((83, 190), 0, 103, 177, 103), ((84, 190), 0, 102, 178, 102), ((85, 190), 0, 101, 179, 101), ((86, 190), 0, 100, 180, 100), ((87, 190), 0, 99, 181, 99), ((87, 189), 0, 100, 182, 100), ((88, 189), 0, 99, 183, 99), ((89, 189), 0, 98, 184, 98), ((90, 189), 0, 97, 185, 97), ((90, 190), 0, 96, 186, 96), ((91, 190), 0, 95, 187, 95), ((92, 190), 0, 94, 188, 94), ((93, 190), 0, 93, 189, 93), ((94, 190), 0, 92, 190, 92), ((95, 190), 0, 91, 191, 91), ((96, 190), 0, 90, 192, 90), ((97, 190), 0, 89, 193, 89), ((97, 189), 0, 90, 194, 90), ((98, 189), 0, 89, 195, 89), ((99, 189), 0, 88, 196, 88), ((99, 188), 0, 89, 197, 89), ((99, 187), 0, 90, 198, 90), ((100, 187), 0, 89, 199, 89), ((100, 186), 0, 90, 200, 90), ((101, 186), 0, 89, 201, 89), ((102, 186), 0, 88, 202, 88), ((102, 187), 0, 87, 203, 87), ((103, 187), 0, 86, 204, 86), ((103, 188), 0, 85, 205, 85), ((103, 189), 0, 84, 206, 84), ((104, 189), 0, 83, 207, 83), ((105, 189), 0, 82, 208, 82), ((106, 189), 0, 81, 209, 81), ((107, 189), 0, 80, 210, 80), ((107, 190), 0, 79, 211, 79), ((107, 191), 0, 80, 212, 80), ((108, 191), 0, 79, 213, 79), ((109, 191), 0, 78, 214, 78), ((109, 190), 0, 77, 215, 77), ((110, 190), 0, 76, 216, 76), ((111, 190), 0, 75, 217, 75), ((112, 190), 0, 74, 218, 74), ((113, 190), 0, 73, 219, 73), ((114, 190), 0, 72, 220, 72), ((115, 190), 0, 71, 221, 71), ((116, 190), 0, 70, 222, 70), ((117, 190), 0, 69, 223, 69), ((118, 190), 0, 68, 224, 68), ((119, 190), 0, 67, 225, 67), ((120, 190), 0, 66, 226, 66), ((121, 190), 0, 65, 227, 65), ((122, 190), 0, 64, 228, 64), ((123, 190), 0, 63, 229, 63), ((124, 190), 0, 62, 230, 62), ((125, 190), 0, 61, 231, 61), ((126, 190), 0, 60, 232, 60), ((127, 190), 0, 59, 233, 59), ((128, 190), 0, 58, 234, 58), ((129, 190), 0, 57, 235, 57), ((129, 191), 0, 58, 236, 58), ((130, 191), 0, 57, 237, 57), ((131, 191), 0, 56, 238, 56), ((131, 190), 0, 55, 239, 55), ((132, 190), 0, 54, 240, 54), ((133, 190), 0, 53, 241, 53), ((134, 190), 0, 52, 242, 52), ((135, 190), 0, 51, 243, 51), ((136, 190), 0, 50, 244, 50), ((137, 190), 0, 49, 245, 49), ((138, 190), 0, 48, 246, 48), ((139, 190), 0, 47, 247, 47), ((139, 189), 0, 48, 248, 48), ((140, 189), 0, 47, 249, 47), ((141, 189), 0, 46, 250, 46), ((142, 189), 0, 45, 251, 45), ((142, 188), 0, 46, 252, 46), ((143, 188), 0, 45, 253, 45), ((144, 188), 0, 44, 254, 44), ((144, 187), 0, 45, 255, 45), ((144, 186), 0, 46, 256, 46), ((144, 185), 0, 47, 257, 47), ((145, 185), 0, 46, 258, 46), ((146, 185), 0, 45, 259, 45), ((146, 184), 0, 46, 260, 46), ((147, 184), 0, 45, 261, 45), ((148, 184), 0, 44, 262, 44), ((148, 185), 0, 43, 263, 43), ((148, 186), 0, 42, 264, 42), ((148, 187), 0, 41, 265, 41), ((148, 188), 0, 40, 266, 40), ((148, 189), 0, 39, 267, 39), ((149, 189), 0, 38, 268, 38), ((150, 189), 0, 37, 269, 37), ((151, 189), 0, 36, 270, 36), ((151, 190), 0, 35, 271, 35), ((152, 190), 0, 34, 272, 34), ((153, 190), 0, 33, 273, 33), ((154, 190), 0, 32, 274, 32), ((154, 191), 0, 33, 275, 33), ((155, 191), 0, 32, 276, 32), ((156, 191), 0, 31, 277, 31), ((156, 190), 0, 30, 278, 30), ((157, 190), 0, 29, 279, 29), ((158, 190), 0, 28, 280, 28), ((159, 190), 0, 27, 281, 27), ((160, 190), 0, 26, 282, 26), ((161, 190), 0, 25, 283, 25), ((162, 190), 0, 24, 284, 24), ((163, 190), 0, 23, 285, 23), ((164, 190), 0, 22, 286, 22), ((165, 190), 0, 21, 287, 21), ((166, 190), 0, 20, 288, 20), ((166, 191), 0, 21, 289, 21), ((167, 191), 0, 20, 290, 20), ((167, 192), 0, 21, 291, 21), ((168, 192), 0, 20, 292, 20), ((169, 192), 0, 19, 293, 19), ((169, 191), 0, 18, 294, 18), ((169, 190), 0, 17, 295, 17), ((170, 190), 0, 16, 296, 16), ((171, 190), 0, 15, 297, 15), ((172, 190), 0, 14, 298, 14), ((173, 190), 0, 13, 299, 13), ((173, 189), 0, 14, 300, 14), ((174, 189), 0, 13, 301, 13), ((175, 189), 0, 12, 302, 12), ((176, 189), 0, 11, 303, 11), ((176, 190), 0, 10, 304, 10), ((177, 190), 0, 9, 305, 9), ((178, 190), 0, 8, 306, 8), ((179, 190), 0, 7, 307, 7), ((180, 190), 0, 6, 308, 6), ((180, 191), 0, 7, 309, 7), ((180, 192), 0, 8, 310, 8), ((181, 192), 0, 7, 311, 7), ((182, 192), 0, 6, 312, 6), ((182, 191), 0, 5, 313, 5), ((183, 191), 0, 4, 314, 4), ((183, 190), 0, 3, 315, 3), ((184, 190), 0, 2, 316, 2), ((185, 190), 0, 1, 317, 1), ((186, 190), 2, 0, 318, 0)]

greedy_best_first_search euclidean_distance -> Result:
total_distance: 280
time: 14.015625
checked_cells_no: 585
memory: 290
path: [((10, 90), 1, 202.4252948620799, 0, 202.4252948620799), ((10, 91), 0, 201.93315725754402, 1, 201.93315725754402), ((10, 92), 0, 201.44478151592807, 2, 201.44478151592807), ((11, 92), 0, 200.57168294652163, 3, 200.57168294652163), ((11, 93), 0, 200.08498194517247, 4, 200.08498194517247), ((12, 93), 0, 199.21094347449892, 5, 199.21094347449892), ((13, 93), 0, 198.33809518093088, 6, 198.33809518093088), ((14, 93), 0, 197.46645284705957, 7, 197.46645284705957), ((15, 93), 0, 196.596032513375, 8, 196.596032513375), ((16, 93), 0, 195.7268504830137, 9, 195.7268504830137), ((16, 94), 0, 195.2331938989884, 10, 195.2331938989884), ((17, 94), 0, 194.36306233438492, 11, 194.36306233438492), ((17, 95), 0, 193.87109119205988, 12, 193.87109119205988), ((18, 95), 0, 193.0, 13, 193.0), ((19, 95), 0, 192.13016421166145, 14, 192.13016421166145), ((20, 95), 0, 191.26160095534075, 15, 191.26160095534075), ((21, 95), 0, 190.3943276465977, 16, 190.3943276465977), ((22, 95), 0, 189.52836199366047, 17, 189.52836199366047), ((23, 95), 0, 188.66372200293304, 18, 188.66372200293304), ((24, 95), 0, 187.8004259846074, 19, 187.8004259846074), ((25, 95), 0, 186.93849255838134, 20, 186.93849255838134), ((26, 95), 0, 186.07794065928394, 21, 186.07794065928394), ((27, 95), 0, 185.21878954360974, 22, 185.21878954360974), ((28, 95), 0, 184.36105879496353, 23, 184.36105879496353), ((28, 96), 0, 183.84776310850236, 24, 183.84776310850236), ((29, 96), 0, 182.98907071188705, 25, 182.98907071188705), ((29, 97), 0, 182.47739586041882, 26, 182.47739586041882), ((29, 98), 0, 181.96977771047588, 27, 181.96977771047588), ((30, 98), 0, 181.10770276274835, 28, 181.10770276274835), ((30, 99), 0, 180.60177186284747, 29, 180.60177186284747), ((30, 100), 0, 180.0999722376436, 30, 180.0999722376436), ((30, 101), 0, 179.60233851484227, 31, 179.60233851484227), ((31, 101), 0, 178.73443988218946, 32, 178.73443988218946), ((32, 101), 0, 177.867928531256, 33, 177.867928531256), ((33, 101), 0, 177.00282483621552, 34, 177.00282483621552), ((33, 102), 0, 176.50212463310464, 35, 176.50212463310464), ((33, 103), 0, 176.00568172647155, 36, 176.00568172647155), ((32, 103), 0, 176.87566254292872, 37, 176.87566254292872), ((32, 104), 0, 176.38594048279472, 38, 176.38594048279472), ((32, 105), 0, 175.90054007876157, 39, 175.90054007876157), ((31, 105), 0, 176.7766952966369, 40, 176.7766952966369), ((31, 106), 0, 176.2980430974774, 41, 176.2980430974774), ((31, 107), 0, 175.82377541163197, 42, 175.82377541163197), ((32, 107), 0, 174.94284781036347, 43, 174.94284781036347), ((33, 107), 0, 174.06320691059327, 44, 174.06320691059327), ((34, 107), 0, 173.18487231857176, 45, 173.18487231857176), ((35, 107), 0, 172.30786401090347, 46, 172.30786401090347), ((36, 107), 0, 171.4322023425004, 47, 171.4322023425004), ((37, 107), 0, 170.55790805471318, 48, 170.55790805471318), ((38, 107), 0, 169.6850022836432, 49, 169.6850022836432), ((39, 107), 0, 168.81350656863924, 50, 168.81350656863924), ((40, 107), 0, 167.94344286098223, 51, 167.94344286098223), ((41, 107), 0, 167.0748335327616, 52, 167.0748335327616), ((42, 107), 0, 166.20770138594662, 53, 166.20770138594662), ((43, 107), 0, 165.3420696616563, 54, 165.3420696616563), ((44, 107), 0, 164.47796204963143, 55, 164.47796204963143), ((45, 107), 0, 163.6154026979123, 56, 163.6154026979123), ((45, 108), 0, 163.11039206623224, 57, 163.11039206623224), ((46, 108), 0, 162.24672569885655, 58, 162.24672569885655), ((47, 108), 0, 161.38463371709216, 59, 161.38463371709216), ((48, 108), 0, 160.52414148656894, 60, 160.52414148656894), ((49, 108), 0, 159.66527487215245, 61, 159.66527487215245), ((50, 108), 0, 158.80806024884254, 62, 158.80806024884254), ((50, 109), 0, 158.2940302096071, 63, 158.2940302096071), ((51, 109), 0, 157.4357011608231, 64, 157.4357011608231), ((52, 109), 0, 156.5790535161073, 65, 156.5790535161073), ((53, 109), 0, 155.72411502397438, 66, 155.72411502397438), ((54, 109), 0, 154.8709139896837, 67, 154.8709139896837), ((54, 110), 0, 154.3502510525979, 68, 154.3502510525979), ((54, 111), 0, 153.83432646844463, 69, 153.83432646844463), ((55, 111), 0, 152.97712247261026, 70, 152.97712247261026), ((56, 111), 0, 152.12166183683374, 71, 152.12166183683374), ((57, 111), 0, 151.2679741386127, 72, 151.2679741386127), ((58, 111), 0, 150.41608956491322, 73, 150.41608956491322), ((59, 111), 0, 149.56603892595405, 74, 149.56603892595405), ((60, 111), 0, 148.71785366928881, 75, 148.71785366928881), ((61, 111), 0, 147.87156589419075, 76, 147.87156589419075), ((62, 111), 0, 147.02720836634285, 77, 147.02720836634285), ((63, 111), 0, 146.18481453283715, 78, 146.18481453283715), ((63, 112), 0, 145.64683312726027, 79, 145.64683312726027), ((63, 113), 0, 145.11374848717816, 80, 145.11374848717816), ((64, 113), 0, 144.26711336961034, 81, 144.26711336961034), ((65, 113), 0, 143.42245291445826, 82, 143.42245291445826), ((65, 114), 0, 142.88806808127822, 83, 142.88806808127822), ((66, 114), 0, 142.04224723651762, 84, 142.04224723651762), ((67, 114), 0, 141.19844191774922, 85, 141.19844191774922), ((68, 114), 0, 140.356688476182, 86, 140.356688476182), ((69, 114), 0, 139.51702405083043, 87, 139.51702405083043), ((69, 115), 0, 138.97481786280562, 88, 138.97481786280562), ((69, 116), 0, 138.43771162512041, 89, 138.43771162512041), ((70, 116), 0, 137.59360450253493, 90, 137.59360450253493), ((71, 116), 0, 136.75159962501354, 91, 136.75159962501354), ((72, 116), 0, 135.91173606425605, 92, 135.91173606425605), ((73, 116), 0, 135.07405376311175, 93, 135.07405376311175), ((74, 116), 0, 134.23859355639868, 94, 134.23859355639868), ((75, 116), 0, 133.4053971921676, 95, 133.4053971921676), ((76, 116), 0, 132.5745073534124, 96, 132.5745073534124), ((76, 117), 0, 132.01893803541975, 97, 132.01893803541975), ((77, 117), 0, 131.18688958886096, 98, 131.18688958886096), ((78, 117), 0, 130.3572015655445, 99, 130.3572015655445), ((79, 117), 0, 129.52991932368366, 100, 129.52991932368366), ((80, 117), 0, 128.70508925446578, 101, 128.70508925446578), ((80, 118), 0, 128.14054783713078, 102, 128.14054783713078), ((81, 118), 0, 127.31457104353767, 103, 127.31457104353767), ((82, 118), 0, 126.49110640673517, 104, 126.49110640673517), ((83, 118), 0, 125.67020331009256, 105, 125.67020331009256), ((84, 118), 0, 124.85191228010886, 106, 124.85191228010886), ((84, 119), 0, 124.27791436936813, 107, 124.27791436936813), ((85, 119), 0, 123.45849504995596, 108, 123.45849504995596), ((86, 119), 0, 122.64175471673585, 109, 122.64175471673585), ((87, 119), 0, 121.82774724995944, 110, 121.82774724995944), ((88, 119), 0, 121.01652779682617, 111, 121.01652779682617), ((89, 119), 0, 120.20815280171308, 112, 120.20815280171308), ((90, 119), 0, 119.4026800369238, 113, 119.4026800369238), ((91, 119), 0, 118.6001686339442, 114, 118.6001686339442), ((92, 119), 0, 117.80067911519016, 115, 117.80067911519016), ((93, 119), 0, 117.00427342623003, 116, 117.00427342623003), ((94, 119), 0, 116.21101496846157, 117, 116.21101496846157), ((95, 119), 0, 115.42096863222038, 118, 115.42096863222038), ((96, 119), 0, 114.63420083029322, 119, 114.63420083029322), ((97, 119), 0, 113.85077953180645, 120, 113.85077953180645), ((98, 119), 0, 113.07077429645558, 121, 113.07077429645558), ((98, 120), 0, 112.44554237496477, 122, 112.44554237496477), ((98, 121), 0, 111.8257573191436, 123, 111.8257573191436), ((98, 122), 0, 111.21151019566275, 124, 111.21151019566275), ((99, 122), 0, 110.42191811411355, 125, 110.42191811411355), ((99, 123), 0, 109.80892495603443, 126, 109.80892495603443), ((100, 123), 0, 109.01834707974616, 127, 109.01834707974616), ((101, 123), 0, 108.23123393919151, 128, 108.23123393919151), ((101, 124), 0, 107.61505470890214, 129, 107.61505470890214), ((102, 124), 0, 106.82696288858914, 130, 106.82696288858914), ((103, 124), 0, 106.04244433244644, 131, 106.04244433244644), ((104, 124), 0, 105.26157893552613, 132, 105.26157893552613), ((105, 124), 0, 104.48444860360799, 133, 104.48444860360799), ((105, 125), 0, 103.85566907973777, 134, 103.85566907973777), ((106, 125), 0, 103.07764064044152, 135, 103.07764064044152), ((106, 126), 0, 102.44998779892558, 136, 102.44998779892558), ((106, 127), 0, 101.82828683622247, 137, 101.82828683622247), ((107, 127), 0, 101.04454463255303, 138, 101.04454463255303), ((108, 127), 0, 100.26464980241042, 139, 100.26464980241042), ((109, 127), 0, 99.48869282486326, 140, 99.48869282486326), ((110, 127), 0, 98.71676655968832, 141, 98.71676655968832), ((110, 128), 0, 98.08159868191383, 142, 98.08159868191383), ((111, 128), 0, 97.30878685915265, 143, 97.30878685915265), ((112, 128), 0, 96.54014708917737, 144, 96.54014708917737), ((113, 128), 0, 95.77577981932593, 145, 95.77577981932593), ((114, 128), 0, 95.01578816175763, 146, 95.01578816175763), ((114, 129), 0, 94.36630754670864, 147, 94.36630754670864), ((114, 130), 0, 93.72299611087985, 148, 93.72299611087985), ((114, 131), 0, 93.08598175880189, 149, 93.08598175880189), ((115, 131), 0, 92.31467922275417, 150, 92.31467922275417), ((115, 132), 0, 91.67878707749138, 151, 91.67878707749138), ((116, 132), 0, 90.9065454189081, 152, 90.9065454189081), ((117, 132), 0, 90.13878188659973, 153, 90.13878188659973), ((118, 132), 0, 89.37561188601732, 154, 89.37561188601732), ((118, 133), 0, 88.72992730753249, 155, 88.72992730753249), ((119, 133), 0, 87.96590248499699, 156, 87.96590248499699), ((119, 134), 0, 87.32124598286491, 157, 87.32124598286491), ((120, 134), 0, 86.55634003352961, 158, 86.55634003352961), ((121, 134), 0, 85.7962703152066, 159, 85.7962703152066), ((122, 134), 0, 85.0411665018772, 160, 85.0411665018772), ((123, 134), 0, 84.29116205154607, 161, 84.29116205154607), ((123, 135), 0, 83.6301381082203, 162, 83.6301381082203), ((124, 135), 0, 82.87943049997388, 163, 82.87943049997388), ((125, 135), 0, 82.13403679352427, 164, 82.13403679352427), ((126, 135), 0, 81.39410298049853, 165, 81.39410298049853), ((127, 135), 0, 80.65977932030313, 166, 80.65977932030313), ((128, 135), 0, 79.93122043357026, 167, 79.93122043357026), ((129, 135), 0, 79.20858539325141, 168, 79.20858539325141), ((130, 135), 0, 78.49203781276162, 169, 78.49203781276162), ((131, 135), 0, 77.78174593052023, 170, 77.78174593052023), ((131, 136), 0, 77.07788269017254, 171, 77.07788269017254), ((132, 136), 0, 76.36753236814714, 172, 76.36753236814714), ((133, 136), 0, 75.66372975210778, 173, 75.66372975210778), ((133, 137), 0, 74.95331880577403, 174, 74.95331880577403), ((133, 138), 0, 74.24957912338628, 175, 74.24957912338628), ((134, 138), 0, 73.53910524340094, 176, 73.53910524340094), ((134, 139), 0, 72.83543093852057, 177, 72.83543093852057), ((135, 139), 0, 72.12489168102785, 178, 72.12489168102785), ((135, 140), 0, 71.42128534267638, 179, 71.42128534267638), ((136, 140), 0, 70.71067811865476, 180, 70.71067811865476), ((136, 141), 0, 70.00714249274856, 181, 70.00714249274856), ((137, 141), 0, 69.29646455628166, 182, 69.29646455628166), ((137, 142), 0, 68.59300255857006, 183, 68.59300255857006), ((138, 142), 0, 67.88225099390856, 184, 67.88225099390856), ((138, 143), 0, 67.17886572427373, 185, 67.17886572427373), ((138, 144), 0, 66.48308055437865, 186, 66.48308055437865), ((139, 144), 0, 65.76473218982953, 187, 65.76473218982953), ((140, 144), 0, 65.05382386916237, 188, 65.05382386916237), ((140, 145), 0, 64.35060217278468, 189, 64.35060217278468), ((141, 145), 0, 63.63961030678928, 190, 63.63961030678928), ((141, 146), 0, 62.93647591023825, 191, 62.93647591023825), ((142, 146), 0, 62.22539674441618, 192, 62.22539674441618), ((142, 147), 0, 61.5223536610881, 193, 61.5223536610881), ((143, 147), 0, 60.81118318204309, 194, 60.81118318204309), ((144, 147), 0, 60.108235708594876, 195, 60.108235708594876), ((144, 148), 0, 59.39696961966999, 196, 59.39696961966999), ((144, 149), 0, 58.69412236331676, 197, 58.69412236331676), ((145, 149), 0, 57.982756057296896, 198, 57.982756057296896), ((145, 150), 0, 57.28001396647874, 199, 57.28001396647874), ((146, 150), 0, 56.568542494923804, 200, 56.568542494923804), ((146, 151), 0, 55.86591089385369, 201, 55.86591089385369), ((147, 151), 0, 55.154328932550705, 202, 55.154328932550705), ((147, 152), 0, 54.45181356024793, 203, 54.45181356024793), ((148, 152), 0, 53.74011537017761, 204, 53.74011537017761), ((148, 153), 0, 53.03772242470448, 205, 53.03772242470448), ((149, 153), 0, 52.32590180780452, 206, 52.32590180780452), ((150, 153), 0, 51.62363799656123, 207, 51.62363799656123), ((151, 153), 0, 50.93132631298737, 208, 50.93132631298737), ((151, 154), 0, 50.20956084253277, 209, 50.20956084253277), ((151, 155), 0, 49.49747468305833, 210, 49.49747468305833), ((151, 156), 0, 48.79549159502341, 211, 48.79549159502341), ((152, 156), 0, 48.08326112068523, 212, 48.08326112068523), ((152, 157), 0, 47.38143096192854, 213, 47.38143096192854), ((153, 157), 0, 46.66904755831214, 214, 46.66904755831214), ((153, 158), 0, 45.967379738244816, 215, 45.967379738244816), ((154, 158), 0, 45.254833995939045, 216, 45.254833995939045), ((155, 158), 0, 44.553338819890925, 217, 44.553338819890925), ((155, 159), 0, 43.840620433565945, 218, 43.840620433565945), ((156, 159), 0, 43.139309220245984, 219, 43.139309220245984), ((157, 159), 0, 42.44997055358225, 220, 42.44997055358225), ((158, 159), 0, 41.773197148410844, 221, 41.773197148410844), ((158, 160), 0, 41.036569057366385, 222, 41.036569057366385), ((159, 160), 0, 40.36087214122113, 223, 40.36087214122113), ((159, 161), 0, 39.6232255123179, 224, 39.6232255123179), ((159, 162), 0, 38.897300677553446, 225, 38.897300677553446), ((159, 163), 0, 38.18376618407357, 226, 38.18376618407357), ((160, 163), 0, 37.48332962798263, 227, 37.48332962798263), ((161, 163), 0, 36.796738985948195, 228, 36.796738985948195), ((162, 163), 0, 36.124783736376884, 229, 36.124783736376884), ((162, 164), 0, 35.38361202590826, 230, 35.38361202590826), ((162, 165), 0, 34.655446902326915, 231, 34.655446902326915), ((162, 166), 0, 33.94112549695428, 232, 33.94112549695428), ((163, 166), 0, 33.24154027718932, 233, 33.24154027718932), ((163, 167), 0, 32.526911934581186, 234, 32.526911934581186), ((163, 168), 0, 31.827660925679098, 235, 31.827660925679098), ((164, 168), 0, 31.11269837220809, 236, 31.11269837220809), ((164, 169), 0, 30.4138126514911, 237, 30.4138126514911), ((165, 169), 0, 29.698484809834994, 238, 29.698484809834994), ((166, 169), 0, 29.0, 239, 29.0), ((167, 169), 0, 28.319604517012593, 240, 28.319604517012593), ((167, 170), 0, 27.586228448267445, 241, 27.586228448267445), ((167, 171), 0, 26.870057685088806, 242, 26.870057685088806), ((168, 171), 0, 26.1725046566048, 243, 26.1725046566048), ((168, 172), 0, 25.45584412271571, 244, 25.45584412271571), ((169, 172), 0, 24.758836806279895, 245, 24.758836806279895), ((169, 173), 0, 24.041630560342615, 246, 24.041630560342615), ((169, 174), 0, 23.345235059857504, 247, 23.345235059857504), ((170, 174), 0, 22.627416997969522, 248, 22.627416997969522), ((171, 174), 0, 21.93171219946131, 249, 21.93171219946131), ((171, 175), 0, 21.213203435596427, 250, 21.213203435596427), ((171, 176), 0, 20.518284528683193, 251, 20.518284528683193), ((172, 176), 0, 19.79898987322333, 252, 19.79898987322333), ((172, 177), 0, 19.1049731745428, 253, 19.1049731745428), ((173, 177), 0, 18.384776310850235, 254, 18.384776310850235), ((173, 178), 0, 17.69180601295413, 255, 17.69180601295413), ((174, 178), 0, 16.97056274847714, 256, 16.97056274847714), ((175, 178), 0, 16.278820596099706, 257, 16.278820596099706), ((175, 179), 0, 15.556349186104045, 258, 15.556349186104045), ((175, 180), 0, 14.866068747318506, 259, 14.866068747318506), ((176, 180), 0, 14.142135623730951, 260, 14.142135623730951), ((176, 181), 0, 13.45362404707371, 261, 13.45362404707371), ((177, 181), 0, 12.727922061357855, 262, 12.727922061357855), ((177, 182), 0, 12.041594578792296, 263, 12.041594578792296), ((178, 182), 0, 11.313708498984761, 264, 11.313708498984761), ((178, 183), 0, 10.63014581273465, 265, 10.63014581273465), ((179, 183), 0, 9.899494936611665, 266, 9.899494936611665), ((179, 184), 0, 9.219544457292887, 267, 9.219544457292887), ((180, 184), 0, 8.48528137423857, 268, 8.48528137423857), ((180, 185), 0, 7.810249675906654, 269, 7.810249675906654), ((181, 185), 0, 7.0710678118654755, 270, 7.0710678118654755), ((181, 186), 0, 6.4031242374328485, 271, 6.4031242374328485), ((182, 186), 0, 5.656854249492381, 272, 5.656854249492381), ((182, 187), 0, 5.0, 273, 5.0), ((183, 187), 0, 4.242640687119285, 274, 4.242640687119285), ((183, 188), 0, 3.605551275463989, 275, 3.605551275463989), ((183, 189), 0, 3.1622776601683795, 276, 3.1622776601683795), ((183, 190), 0, 3.0, 277, 3.0), ((184, 190), 0, 2.0, 278, 2.0), ((185, 190), 0, 1.0, 279, 1.0), ((186, 190), 2, 0.0, 280, 0.0)]

a_star chebyshev_distance -> Result:
total_distance: 276
time: 996.875
checked_cells_no: 21117
memory: 342
path: [((10, 90), 1, 176, 0, 176), ((10, 91), 0, 177, 1, 176), ((10, 92), 0, 178, 2, 176), ((11, 92), 0, 178, 3, 175), ((11, 93), 0, 179, 4, 175), ((12, 93), 0, 179, 5, 174), ((13, 93), 0, 179, 6, 173), ((14, 93), 0, 179, 7, 172), ((15, 93), 0, 179, 8, 171), ((16, 93), 0, 179, 9, 170), ((16, 94), 0, 180, 10, 170), ((17, 94), 0, 180, 11, 169), ((17, 95), 0, 181, 12, 169), ((18, 95), 0, 181, 13, 168), ((19, 95), 0, 181, 14, 167), ((20, 95), 0, 181, 15, 166), ((21, 95), 0, 181, 16, 165), ((22, 95), 0, 181, 17, 164), ((23, 95), 0, 181, 18, 163), ((24, 95), 0, 181, 19, 162), ((25, 95), 0, 181, 20, 161), ((26, 95), 0, 181, 21, 160), ((27, 95), 0, 181, 22, 159), ((28, 95), 0, 181, 23, 158), ((28, 96), 0, 182, 24, 158), ((29, 96), 0, 182, 25, 157), ((29, 97), 0, 183, 26, 157), ((29, 98), 0, 184, 27, 157), ((30, 98), 0, 184, 28, 156), ((30, 99), 0, 185, 29, 156), ((30, 100), 0, 186, 30, 156), ((30, 101), 0, 187, 31, 156), ((31, 101), 0, 187, 32, 155), ((31, 102), 0, 188, 33, 155), ((31, 103), 0, 189, 34, 155), ((31, 104), 0, 190, 35, 155), ((31, 105), 0, 191, 36, 155), ((31, 106), 0, 192, 37, 155), ((31, 107), 0, 193, 38, 155), ((32, 107), 0, 193, 39, 154), ((33, 107), 0, 193, 40, 153), ((34, 107), 0, 193, 41, 152), ((35, 107), 0, 193, 42, 151), ((36, 107), 0, 193, 43, 150), ((37, 107), 0, 193, 44, 149), ((38, 107), 0, 193, 45, 148), ((39, 107), 0, 193, 46, 147), ((40, 107), 0, 193, 47, 146), ((41, 107), 0, 193, 48, 145), ((42, 107), 0, 193, 49, 144), ((43, 107), 0, 193, 50, 143), ((44, 107), 0, 193, 51, 142), ((45, 107), 0, 193, 52, 141), ((45, 108), 0, 194, 53, 141), ((46, 108), 0, 194, 54, 140), ((47, 108), 0, 194, 55, 139), ((48, 108), 0, 194, 56, 138), ((49, 108), 0, 194, 57, 137), ((50, 108), 0, 194, 58, 136), ((50, 109), 0, 195, 59, 136), ((51, 109), 0, 195, 60, 135), ((52, 109), 0, 195, 61, 134), ((53, 109), 0, 195, 62, 133), ((54, 109), 0, 195, 63, 132), ((54, 110), 0, 196, 64, 132), ((54, 111), 0, 197, 65, 132), ((55, 111), 0, 197, 66, 131), ((56, 111), 0, 197, 67, 130), ((57, 111), 0, 197, 68, 129), ((58, 111), 0, 197, 69, 128), ((59, 111), 0, 197, 70, 127), ((60, 111), 0, 197, 71, 126), ((61, 111), 0, 197, 72, 125), ((62, 111), 0, 197, 73, 124), ((63, 111), 0, 197, 74, 123), ((63, 112), 0, 198, 75, 123), ((63, 113), 0, 199, 76, 123), ((64, 113), 0, 199, 77, 122), ((65, 113), 0, 199, 78, 121), ((65, 114), 0, 200, 79, 121), ((66, 114), 0, 200, 80, 120), ((67, 114), 0, 200, 81, 119), ((68, 114), 0, 200, 82, 118), ((69, 114), 0, 200, 83, 117), ((69, 115), 0, 201, 84, 117), ((69, 116), 0, 202, 85, 117), ((70, 116), 0, 202, 86, 116), ((71, 116), 0, 202, 87, 115), ((72, 116), 0, 202, 88, 114), ((73, 116), 0, 202, 89, 113), ((74, 116), 0, 202, 90, 112), ((75, 116), 0, 202, 91, 111), ((76, 116), 0, 202, 92, 110), ((76, 117), 0, 203, 93, 110), ((77, 117), 0, 203, 94, 109), ((78, 117), 0, 203, 95, 108), ((79, 117), 0, 203, 96, 107), ((80, 117), 0, 203, 97, 106), ((80, 118), 0, 204, 98, 106), ((81, 118), 0, 204, 99, 105), ((82, 118), 0, 204, 100, 104), ((83, 118), 0, 204, 101, 103), ((84, 118), 0, 204, 102, 102), ((84, 119), 0, 205, 103, 102), ((85, 119), 0, 205, 104, 101), ((86, 119), 0, 205, 105, 100), ((87, 119), 0, 205, 106, 99), ((88, 119), 0, 205, 107, 98), ((89, 119), 0, 205, 108, 97), ((90, 119), 0, 205, 109, 96), ((91, 119), 0, 205, 110, 95), ((92, 119), 0, 205, 111, 94), ((93, 119), 0, 205, 112, 93), ((94, 119), 0, 205, 113, 92), ((95, 119), 0, 205, 114, 91), ((96, 119), 0, 205, 115, 90), ((97, 119), 0, 205, 116, 89), ((98, 119), 0, 205, 117, 88), ((98, 120), 0, 206, 118, 88), ((98, 121), 0, 207, 119, 88), ((98, 122), 0, 208, 120, 88), ((99, 122), 0, 208, 121, 87), ((99, 123), 0, 209, 122, 87), ((100, 123), 0, 209, 123, 86), ((101, 123), 0, 209, 124, 85), ((101, 124), 0, 210, 125, 85), ((102, 124), 0, 210, 126, 84), ((103, 124), 0, 210, 127, 83), ((104, 124), 0, 210, 128, 82), ((105, 124), 0, 210, 129, 81), ((105, 125), 0, 211, 130, 81), ((106, 125), 0, 211, 131, 80), ((106, 126), 0, 212, 132, 80), ((106, 127), 0, 213, 133, 80), ((107, 127), 0, 213, 134, 79), ((108, 127), 0, 213, 135, 78), ((109, 127), 0, 213, 136, 77), ((110, 127), 0, 213, 137, 76), ((110, 128), 0, 214, 138, 76), ((111, 128), 0, 214, 139, 75), ((112, 128), 0, 214, 140, 74), ((113, 128), 0, 214, 141, 73), ((114, 128), 0, 214, 142, 72), ((114, 129), 0, 215, 143, 72), ((114, 130), 0, 216, 144, 72), ((114, 131), 0, 217, 145, 72), ((115, 131), 0, 217, 146, 71), ((115, 132), 0, 218, 147, 71), ((116, 132), 0, 218, 148, 70), ((117, 132), 0, 218, 149, 69), ((118, 132), 0, 218, 150, 68), ((118, 133), 0, 219, 151, 68), ((119, 133), 0, 219, 152, 67), ((119, 134), 0, 220, 153, 67), ((120, 134), 0, 220, 154, 66), ((121, 134), 0, 220, 155, 65), ((122, 134), 0, 220, 156, 64), ((123, 134), 0, 220, 157, 63), ((123, 135), 0, 221, 158, 63), ((124, 135), 0, 221, 159, 62), ((125, 135), 0, 221, 160, 61), ((126, 135), 0, 221, 161, 60), ((127, 135), 0, 221, 162, 59), ((128, 135), 0, 221, 163, 58), ((129, 135), 0, 221, 164, 57), ((130, 135), 0, 221, 165, 56), ((131, 135), 0, 221, 166, 55), ((131, 136), 0, 222, 167, 55), ((132, 136), 0, 222, 168, 54), ((133, 136), 0, 223, 169, 54), ((133, 137), 0, 223, 170, 53), ((133, 138), 0, 224, 171, 53), ((134, 138), 0, 224, 172, 52), ((134, 139), 0, 225, 173, 52), ((135, 139), 0, 225, 174, 51), ((135, 140), 0, 226, 175, 51), ((136, 140), 0, 226, 176, 50), ((136, 141), 0, 227, 177, 50), ((137, 141), 0, 227, 178, 49), ((137, 142), 0, 228, 179, 49), ((138, 142), 0, 228, 180, 48), ((138, 143), 0, 229, 181, 48), ((138, 144), 0, 230, 182, 48), ((139, 144), 0, 230, 183, 47), ((140, 144), 0, 230, 184, 46), ((140, 145), 0, 231, 185, 46), ((141, 145), 0, 231, 186, 45), ((141, 146), 0, 232, 187, 45), ((142, 146), 0, 232, 188, 44), ((142, 147), 0, 233, 189, 44), ((143, 147), 0, 233, 190, 43), ((144, 147), 0, 234, 191, 43), ((144, 148), 0, 234, 192, 42), ((144, 149), 0, 235, 193, 42), ((145, 149), 0, 235, 194, 41), ((145, 150), 0, 236, 195, 41), ((146, 150), 0, 236, 196, 40), ((146, 151), 0, 237, 197, 40), ((147, 151), 0, 237, 198, 39), ((147, 152), 0, 238, 199, 39), ((148, 152), 0, 238, 200, 38), ((148, 153), 0, 239, 201, 38), ((149, 153), 0, 239, 202, 37), ((150, 153), 0, 240, 203, 37), ((151, 153), 0, 241, 204, 37), ((151, 154), 0, 241, 205, 36), ((151, 155), 0, 241, 206, 35), ((151, 156), 0, 242, 207, 35), ((152, 156), 0, 242, 208, 34), ((152, 157), 0, 243, 209, 34), ((153, 157), 0, 243, 210, 33), ((153, 158), 0, 244, 211, 33), ((154, 158), 0, 244, 212, 32), ((155, 158), 0, 245, 213, 32), ((155, 159), 0, 245, 214, 31), ((156, 159), 0, 246, 215, 31), ((157, 159), 0, 247, 216, 31), ((158, 159), 0, 248, 217, 31), ((158, 160), 0, 248, 218, 30), ((159, 160), 0, 249, 219, 30), ((159, 161), 0, 249, 220, 29), ((159, 162), 0, 249, 221, 28), ((159, 163), 0, 249, 222, 27), ((160, 163), 0, 250, 223, 27), ((161, 163), 0, 251, 224, 27), ((162, 163), 0, 252, 225, 27), ((162, 164), 0, 252, 226, 26), ((162, 165), 0, 252, 227, 25), ((162, 166), 0, 252, 228, 24), ((163, 166), 0, 253, 229, 24), ((163, 167), 0, 253, 230, 23), ((163, 168), 0, 254, 231, 23), ((164, 168), 0, 254, 232, 22), ((164, 169), 0, 255, 233, 22), ((165, 169), 0, 255, 234, 21), ((166, 169), 0, 256, 235, 21), ((167, 169), 0, 257, 236, 21), ((167, 170), 0, 257, 237, 20), ((167, 171), 0, 257, 238, 19), ((168, 171), 0, 258, 239, 19), ((168, 172), 0, 258, 240, 18), ((169, 172), 0, 259, 241, 18), ((169, 173), 0, 259, 242, 17), ((169, 174), 0, 260, 243, 17), ((170, 174), 0, 260, 244, 16), ((171, 174), 0, 261, 245, 16), ((171, 175), 0, 261, 246, 15), ((171, 176), 0, 262, 247, 15), ((172, 176), 0, 262, 248, 14), ((172, 177), 0, 263, 249, 14), ((173, 177), 0, 263, 250, 13), ((173, 178), 0, 264, 251, 13), ((174, 178), 0, 264, 252, 12), ((175, 178), 0, 265, 253, 12), ((175, 179), 0, 265, 254, 11), ((175, 180), 0, 266, 255, 11), ((176, 180), 0, 266, 256, 10), ((176, 181), 0, 267, 257, 10), ((177, 181), 0, 267, 258, 9), ((177, 182), 0, 268, 259, 9), ((178, 182), 0, 268, 260, 8), ((178, 183), 0, 269, 261, 8), ((179, 183), 0, 269, 262, 7), ((179, 184), 0, 270, 263, 7), ((180, 184), 0, 270, 264, 6), ((180, 185), 0, 271, 265, 6), ((181, 185), 0, 271, 266, 5), ((181, 186), 0, 272, 267, 5), ((182, 186), 0, 272, 268, 4), ((182, 187), 0, 273, 269, 4), ((183, 187), 0, 273, 270, 3), ((183, 188), 0, 274, 271, 3), ((183, 189), 0, 275, 272, 3), ((183, 190), 0, 276, 273, 3), ((184, 190), 0, 276, 274, 2), ((185, 190), 0, 276, 275, 1), ((186, 190), 2, 276, 276, 0)]

a_star manhattan_distance -> Result:
total_distance: 276
time: 393.21875
checked_cells_no: 8783
memory: 751
path: [((10, 90), 1, 276, 0, 276), ((10, 91), 0, 276, 1, 275), ((10, 92), 0, 276, 2, 274), ((11, 92), 0, 276, 3, 273), ((11, 93), 0, 276, 4, 272), ((11, 94), 0, 276, 5, 271), ((11, 95), 0, 276, 6, 270), ((12, 95), 0, 276, 7, 269), ((12, 96), 0, 276, 8, 268), ((13, 96), 0, 276, 9, 267), ((14, 96), 0, 276, 10, 266), ((15, 96), 0, 276, 11, 265), ((16, 96), 0, 276, 12, 264), ((16, 97), 0, 276, 13, 263), ((16, 98), 0, 276, 14, 262), ((16, 99), 0, 276, 15, 261), ((16, 100), 0, 276, 16, 260), ((16, 101), 0, 276, 17, 259), ((16, 102), 0, 276, 18, 258), ((16, 103), 0, 276, 19, 257), ((17, 103), 0, 276, 20, 256), ((18, 103), 0, 276, 21, 255), ((18, 104), 0, 276, 22, 254), ((18, 105), 0, 276, 23, 253), ((18, 106), 0, 276, 24, 252), ((19, 106), 0, 276, 25, 251), ((19, 107), 0, 276, 26, 250), ((20, 107), 0, 276, 27, 249), ((21, 107), 0, 276, 28, 248), ((21, 108), 0, 276, 29, 247), ((22, 108), 0, 276, 30, 246), ((22, 109), 0, 276, 31, 245), ((22, 110), 0, 276, 32, 244), ((22, 111), 0, 276, 33, 243), ((22, 112), 0, 276, 34, 242), ((22, 113), 0, 276, 35, 241), ((23, 113), 0, 276, 36, 240), ((24, 113), 0, 276, 37, 239), ((25, 113), 0, 276, 38, 238), ((25, 114), 0, 276, 39, 237), ((26, 114), 0, 276, 40, 236), ((27, 114), 0, 276, 41, 235), ((28, 114), 0, 276, 42, 234), ((29, 114), 0, 276, 43, 233), ((30, 114), 0, 276, 44, 232), ((31, 114), 0, 276, 45, 231), ((31, 115), 0, 276, 46, 230), ((32, 115), 0, 276, 47, 229), ((32, 116), 0, 276, 48, 228), ((33, 116), 0, 276, 49, 227), ((34, 116), 0, 276, 50, 226), ((34, 117), 0, 276, 51, 225), ((34, 118), 0, 276, 52, 224), ((34, 119), 0, 276, 53, 223), ((34, 120), 0, 276, 54, 222), ((34, 121), 0, 276, 55, 221), ((35, 121), 0, 276, 56, 220), ((35, 122), 0, 276, 57, 219), ((35, 123), 0, 276, 58, 218), ((36, 123), 0, 276, 59, 217), ((36, 124), 0, 276, 60, 216), ((37, 124), 0, 276, 61, 215), ((38, 124), 0, 276, 62, 214), ((39, 124), 0, 276, 63, 213), ((39, 125), 0, 276, 64, 212), ((39, 126), 0, 276, 65, 211), ((39, 127), 0, 276, 66, 210), ((40, 127), 0, 276, 67, 209), ((41, 127), 0, 276, 68, 208), ((41, 128), 0, 276, 69, 207), ((41, 129), 0, 276, 70, 206), ((42, 129), 0, 276, 71, 205), ((43, 129), 0, 276, 72, 204), ((44, 129), 0, 276, 73, 203), ((45, 129), 0, 276, 74, 202), ((46, 129), 0, 276, 75, 201), ((46, 130), 0, 276, 76, 200), ((46, 131), 0, 276, 77, 199), ((47, 131), 0, 276, 78, 198), ((48, 131), 0, 276, 79, 197), ((49, 131), 0, 276, 80, 196), ((49, 132), 0, 276, 81, 195), ((49, 133), 0, 276, 82, 194), ((49, 134), 0, 276, 83, 193), ((49, 135), 0, 276, 84, 192), ((50, 135), 0, 276, 85, 191), ((51, 135), 0, 276, 86, 190), ((52, 135), 0, 276, 87, 189), ((52, 136), 0, 276, 88, 188), ((53, 136), 0, 276, 89, 187), ((54, 136), 0, 276, 90, 186), ((55, 136), 0, 276, 91, 185), ((56, 136), 0, 276, 92, 184), ((57, 136), 0, 276, 93, 183), ((58, 136), 0, 276, 94, 182), ((59, 136), 0, 276, 95, 181), ((59, 137), 0, 276, 96, 180), ((59, 138), 0, 276, 97, 179), ((60, 138), 0, 276, 98, 178), ((61, 138), 0, 276, 99, 177), ((61, 139), 0, 276, 100, 176), ((62, 139), 0, 276, 101, 175), ((63, 139), 0, 276, 102, 174), ((64, 139), 0, 276, 103, 173), ((64, 140), 0, 276, 104, 172), ((64, 141), 0, 276, 105, 171), ((64, 142), 0, 276, 106, 170), ((65, 142), 0, 276, 107, 169), ((66, 142), 0, 276, 108, 168), ((67, 142), 0, 276, 109, 167), ((68, 142), 0, 276, 110, 166), ((69, 142), 0, 276, 111, 165), ((70, 142), 0, 276, 112, 164), ((71, 142), 0, 276, 113, 163), ((72, 142), 0, 276, 114, 162), ((73, 142), 0, 276, 115, 161), ((74, 142), 0, 276, 116, 160), ((75, 142), 0, 276, 117, 159), ((76, 142), 0, 276, 118, 158), ((77, 142), 0, 276, 119, 157), ((78, 142), 0, 276, 120, 156), ((79, 142), 0, 276, 121, 155), ((79, 143), 0, 276, 122, 154), ((79, 144), 0, 276, 123, 153), ((80, 144), 0, 276, 124, 152), ((81, 144), 0, 276, 125, 151), ((82, 144), 0, 276, 126, 150), ((83, 144), 0, 276, 127, 149), ((84, 144), 0, 276, 128, 148), ((84, 145), 0, 276, 129, 147), ((84, 146), 0, 276, 130, 146), ((85, 146), 0, 276, 131, 145), ((85, 147), 0, 276, 132, 144), ((85, 148), 0, 276, 133, 143), ((85, 149), 0, 276, 134, 142), ((85, 150), 0, 276, 135, 141), ((85, 151), 0, 276, 136, 140), ((85, 152), 0, 276, 137, 139), ((86, 152), 0, 276, 138, 138), ((87, 152), 0, 276, 139, 137), ((88, 152), 0, 276, 140, 136), ((89, 152), 0, 276, 141, 135), ((90, 152), 0, 276, 142, 134), ((91, 152), 0, 276, 143, 133), ((92, 152), 0, 276, 144, 132), ((92, 153), 0, 276, 145, 131), ((93, 153), 0, 276, 146, 130), ((93, 154), 0, 276, 147, 129), ((94, 154), 0, 276, 148, 128), ((95, 154), 0, 276, 149, 127), ((95, 155), 0, 276, 150, 126), ((95, 156), 0, 276, 151, 125), ((96, 156), 0, 276, 152, 124), ((97, 156), 0, 276, 153, 123), ((97, 157), 0, 276, 154, 122), ((98, 157), 0, 276, 155, 121), ((99, 157), 0, 276, 156, 120), ((99, 158), 0, 276, 157, 119), ((99, 159), 0, 276, 158, 118), ((99, 160), 0, 276, 159, 117), ((99, 161), 0, 276, 160, 116), ((100, 161), 0, 276, 161, 115), ((100, 162), 0, 276, 162, 114), ((101, 162), 0, 276, 163, 113), ((102, 162), 0, 276, 164, 112), ((103, 162), 0, 276, 165, 111), ((103, 163), 0, 276, 166, 110), ((103, 164), 0, 276, 167, 109), ((104, 164), 0, 276, 168, 108), ((105, 164), 0, 276, 169, 107), ((106, 164), 0, 276, 170, 106), ((107, 164), 0, 276, 171, 105), ((108, 164), 0, 276, 172, 104), ((109, 164), 0, 276, 173, 103), ((110, 164), 0, 276, 174, 102), ((111, 164), 0, 276, 175, 101), ((112, 164), 0, 276, 176, 100), ((113, 164), 0, 276, 177, 99), ((114, 164), 0, 276, 178, 98), ((115, 164), 0, 276, 179, 97), ((115, 165), 0, 276, 180, 96), ((116, 165), 0, 276, 181, 95), ((117, 165), 0, 276, 182, 94), ((118, 165), 0, 276, 183, 93), ((119, 165), 0, 276, 184, 92), ((120, 165), 0, 276, 185, 91), ((121, 165), 0, 276, 186, 90), ((122, 165), 0, 276, 187, 89), ((123, 165), 0, 276, 188, 88), ((123, 166), 0, 276, 189, 87), ((124, 166), 0, 276, 190, 86), ((125, 166), 0, 276, 191, 85), ((126, 166), 0, 276, 192, 84), ((127, 166), 0, 276, 193, 83), ((128, 166), 0, 276, 194, 82), ((128, 167), 0, 276, 195, 81), ((129, 167), 0, 276, 196, 80), ((130, 167), 0, 276, 197, 79), ((131, 167), 0, 276, 198, 78), ((131, 168), 0, 276, 199, 77), ((132, 168), 0, 276, 200, 76), ((132, 169), 0, 276, 201, 75), ((132, 170), 0, 276, 202, 74), ((133, 170), 0, 276, 203, 73), ((134, 170), 0, 276, 204, 72), ((134, 171), 0, 276, 205, 71), ((135, 171), 0, 276, 206, 70), ((136, 171), 0, 276, 207, 69), ((136, 172), 0, 276, 208, 68), ((136, 173), 0, 276, 209, 67), ((137, 173), 0, 276, 210, 66), ((137, 174), 0, 276, 211, 65), ((138, 174), 0, 276, 212, 64), ((139, 174), 0, 276, 213, 63), ((139, 175), 0, 276, 214, 62), ((139, 176), 0, 276, 215, 61), ((140, 176), 0, 276, 216, 60), ((141, 176), 0, 276, 217, 59), ((142, 176), 0, 276, 218, 58), ((143, 176), 0, 276, 219, 57), ((144, 176), 0, 276, 220, 56), ((144, 177), 0, 276, 221, 55), ((145, 177), 0, 276, 222, 54), ((146, 177), 0, 276, 223, 53), ((147, 177), 0, 276, 224, 52), ((148, 177), 0, 276, 225, 51), ((149, 177), 0, 276, 226, 50), ((150, 177), 0, 276, 227, 49), ((151, 177), 0, 276, 228, 48), ((151, 178), 0, 276, 229, 47), ((151, 179), 0, 276, 230, 46), ((152, 179), 0, 276, 231, 45), ((153, 179), 0, 276, 232, 44), ((154, 179), 0, 276, 233, 43), ((155, 179), 0, 276, 234, 42), ((156, 179), 0, 276, 235, 41), ((157, 179), 0, 276, 236, 40), ((158, 179), 0, 276, 237, 39), ((159, 179), 0, 276, 238, 38), ((160, 179), 0, 276, 239, 37), ((160, 180), 0, 276, 240, 36), ((161, 180), 0, 276, 241, 35), ((162, 180), 0, 276, 242, 34), ((162, 181), 0, 276, 243, 33), ((163, 181), 0, 276, 244, 32), ((164, 181), 0, 276, 245, 31), ((164, 182), 0, 276, 246, 30), ((164, 183), 0, 276, 247, 29), ((164, 184), 0, 276, 248, 28), ((165, 184), 0, 276, 249, 27), ((166, 184), 0, 276, 250, 26), ((167, 184), 0, 276, 251, 25), ((168, 184), 0, 276, 252, 24), ((168, 185), 0, 276, 253, 23), ((169, 185), 0, 276, 254, 22), ((170, 185), 0, 276, 255, 21), ((170, 186), 0, 276, 256, 20), ((171, 186), 0, 276, 257, 19), ((172, 186), 0, 276, 258, 18), ((173, 186), 0, 276, 259, 17), ((174, 186), 0, 276, 260, 16), ((175, 186), 0, 276, 261, 15), ((176, 186), 0, 276, 262, 14), ((177, 186), 0, 276, 263, 13), ((178, 186), 0, 276, 264, 12), ((178, 187), 0, 276, 265, 11), ((179, 187), 0, 276, 266, 10), ((180, 187), 0, 276, 267, 9), ((181, 187), 0, 276, 268, 8), ((182, 187), 0, 276, 269, 7), ((183, 187), 0, 276, 270, 6), ((183, 188), 0, 276, 271, 5), ((183, 189), 0, 276, 272, 4), ((183, 190), 0, 276, 273, 3), ((184, 190), 0, 276, 274, 2), ((185, 190), 0, 276, 275, 1), ((186, 190), 2, 276, 276, 0)]

a_star euclidean_distance -> Result:
total_distance: 276
time: 871.65625
checked_cells_no: 18380
memory: 345
path: [((10, 90), 1, 202.4252948620799, 0, 202.4252948620799), ((10, 91), 0, 202.93315725754402, 1, 201.93315725754402), ((10, 92), 0, 203.44478151592807, 2, 201.44478151592807), ((11, 92), 0, 203.57168294652163, 3, 200.57168294652163), ((11, 93), 0, 204.08498194517247, 4, 200.08498194517247), ((12, 93), 0, 204.21094347449892, 5, 199.21094347449892), ((13, 93), 0, 204.33809518093088, 6, 198.33809518093088), ((14, 93), 0, 204.46645284705957, 7, 197.46645284705957), ((15, 93), 0, 204.596032513375, 8, 196.596032513375), ((16, 93), 0, 204.7268504830137, 9, 195.7268504830137), ((16, 94), 0, 205.2331938989884, 10, 195.2331938989884), ((17, 94), 0, 205.36306233438492, 11, 194.36306233438492), ((17, 95), 0, 205.87109119205988, 12, 193.87109119205988), ((18, 95), 0, 206.0, 13, 193.0), ((19, 95), 0, 206.13016421166145, 14, 192.13016421166145), ((20, 95), 0, 206.26160095534075, 15, 191.26160095534075), ((21, 95), 0, 206.3943276465977, 16, 190.3943276465977), ((22, 95), 0, 206.52836199366047, 17, 189.52836199366047), ((23, 95), 0, 206.66372200293304, 18, 188.66372200293304), ((24, 95), 0, 206.8004259846074, 19, 187.8004259846074), ((25, 95), 0, 206.93849255838134, 20, 186.93849255838134), ((26, 95), 0, 207.07794065928394, 21, 186.07794065928394), ((27, 95), 0, 207.21878954360974, 22, 185.21878954360974), ((28, 95), 0, 207.36105879496353, 23, 184.36105879496353), ((28, 96), 0, 207.84776310850236, 24, 183.84776310850236), ((29, 96), 0, 207.98907071188705, 25, 182.98907071188705), ((29, 97), 0, 208.47739586041882, 26, 182.47739586041882), ((29, 98), 0, 208.96977771047588, 27, 181.96977771047588), ((30, 98), 0, 209.10770276274835, 28, 181.10770276274835), ((30, 99), 0, 209.60177186284747, 29, 180.60177186284747), ((30, 100), 0, 210.0999722376436, 30, 180.0999722376436), ((30, 101), 0, 210.60233851484227, 31, 179.60233851484227), ((31, 101), 0, 210.73443988218946, 32, 178.73443988218946), ((31, 102), 0, 211.23860412379804, 33, 178.23860412379804), ((31, 103), 0, 211.74701122663075, 34, 177.74701122663075), ((31, 104), 0, 212.2596964907703, 35, 177.2596964907703), ((31, 105), 0, 212.7766952966369, 36, 176.7766952966369), ((31, 106), 0, 213.2980430974774, 37, 176.2980430974774), ((31, 107), 0, 213.82377541163197, 38, 175.82377541163197), ((32, 107), 0, 213.94284781036347, 39, 174.94284781036347), ((33, 107), 0, 214.06320691059327, 40, 174.06320691059327), ((34, 107), 0, 214.18487231857176, 41, 173.18487231857176), ((35, 107), 0, 214.30786401090347, 42, 172.30786401090347), ((36, 107), 0, 214.4322023425004, 43, 171.4322023425004), ((37, 107), 0, 214.55790805471318, 44, 170.55790805471318), ((38, 107), 0, 214.6850022836432, 45, 169.6850022836432), ((39, 107), 0, 214.81350656863924, 46, 168.81350656863924), ((40, 107), 0, 214.94344286098223, 47, 167.94344286098223), ((41, 107), 0, 215.0748335327616, 48, 167.0748335327616), ((42, 107), 0, 215.20770138594662, 49, 166.20770138594662), ((43, 107), 0, 215.3420696616563, 50, 165.3420696616563), ((44, 107), 0, 215.47796204963143, 51, 164.47796204963143), ((45, 107), 0, 215.6154026979123, 52, 163.6154026979123), ((45, 108), 0, 216.11039206623224, 53, 163.11039206623224), ((46, 108), 0, 216.24672569885655, 54, 162.24672569885655), ((47, 108), 0, 216.38463371709216, 55, 161.38463371709216), ((48, 108), 0, 216.52414148656894, 56, 160.52414148656894), ((49, 108), 0, 216.66527487215245, 57, 159.66527487215245), ((50, 108), 0, 216.80806024884254, 58, 158.80806024884254), ((50, 109), 0, 217.2940302096071, 59, 158.2940302096071), ((51, 109), 0, 217.4357011608231, 60, 157.4357011608231), ((52, 109), 0, 217.5790535161073, 61, 156.5790535161073), ((53, 109), 0, 217.72411502397438, 62, 155.72411502397438), ((54, 109), 0, 217.8709139896837, 63, 154.8709139896837), ((54, 110), 0, 218.3502510525979, 64, 154.3502510525979), ((54, 111), 0, 218.83432646844463, 65, 153.83432646844463), ((55, 111), 0, 218.97712247261026, 66, 152.97712247261026), ((56, 111), 0, 219.12166183683374, 67, 152.12166183683374), ((57, 111), 0, 219.2679741386127, 68, 151.2679741386127), ((58, 111), 0, 219.41608956491322, 69, 150.41608956491322), ((59, 111), 0, 219.56603892595405, 70, 149.56603892595405), ((60, 111), 0, 219.71785366928881, 71, 148.71785366928881), ((61, 111), 0, 219.87156589419075, 72, 147.87156589419075), ((62, 111), 0, 220.02720836634285, 73, 147.02720836634285), ((63, 111), 0, 220.18481453283715, 74, 146.18481453283715), ((63, 112), 0, 220.64683312726027, 75, 145.64683312726027), ((63, 113), 0, 221.11374848717816, 76, 145.11374848717816), ((64, 113), 0, 221.26711336961034, 77, 144.26711336961034), ((65, 113), 0, 221.42245291445826, 78, 143.42245291445826), ((65, 114), 0, 221.88806808127822, 79, 142.88806808127822), ((66, 114), 0, 222.04224723651762, 80, 142.04224723651762), ((67, 114), 0, 222.19844191774922, 81, 141.19844191774922), ((68, 114), 0, 222.356688476182, 82, 140.356688476182), ((69, 114), 0, 222.51702405083043, 83, 139.51702405083043), ((69, 115), 0, 222.97481786280562, 84, 138.97481786280562), ((69, 116), 0, 223.43771162512041, 85, 138.43771162512041), ((70, 116), 0, 223.59360450253493, 86, 137.59360450253493), ((71, 116), 0, 223.75159962501354, 87, 136.75159962501354), ((72, 116), 0, 223.91173606425605, 88, 135.91173606425605), ((73, 116), 0, 224.07405376311175, 89, 135.07405376311175), ((74, 116), 0, 224.23859355639868, 90, 134.23859355639868), ((75, 116), 0, 224.4053971921676, 91, 133.4053971921676), ((76, 116), 0, 224.5745073534124, 92, 132.5745073534124), ((76, 117), 0, 225.01893803541975, 93, 132.01893803541975), ((77, 117), 0, 225.18688958886096, 94, 131.18688958886096), ((78, 117), 0, 225.3572015655445, 95, 130.3572015655445), ((79, 117), 0, 225.52991932368366, 96, 129.52991932368366), ((80, 117), 0, 225.70508925446578, 97, 128.70508925446578), ((80, 118), 0, 226.14054783713078, 98, 128.14054783713078), ((81, 118), 0, 226.31457104353768, 99, 127.31457104353767), ((82, 118), 0, 226.49110640673518, 100, 126.49110640673517), ((83, 118), 0, 226.67020331009257, 101, 125.67020331009256), ((84, 118), 0, 226.85191228010888, 102, 124.85191228010886), ((84, 119), 0, 227.27791436936815, 103, 124.27791436936813), ((85, 119), 0, 227.45849504995596, 104, 123.45849504995596), ((86, 119), 0, 227.64175471673585, 105, 122.64175471673585), ((87, 119), 0, 227.82774724995943, 106, 121.82774724995944), ((88, 119), 0, 228.01652779682615, 107, 121.01652779682617), ((89, 119), 0, 228.20815280171308, 108, 120.20815280171308), ((90, 119), 0, 228.4026800369238, 109, 119.4026800369238), ((91, 119), 0, 228.60016863394418, 110, 118.6001686339442), ((92, 119), 0, 228.80067911519018, 111, 117.80067911519016), ((93, 119), 0, 229.00427342623004, 112, 117.00427342623003), ((94, 119), 0, 229.21101496846157, 113, 116.21101496846157), ((95, 119), 0, 229.42096863222037, 114, 115.42096863222038), ((96, 119), 0, 229.63420083029322, 115, 114.63420083029322), ((97, 119), 0, 229.85077953180644, 116, 113.85077953180645), ((98, 119), 0, 230.07077429645557, 117, 113.07077429645558), ((98, 120), 0, 230.44554237496476, 118, 112.44554237496477), ((98, 121), 0, 230.8257573191436, 119, 111.8257573191436), ((98, 122), 0, 231.21151019566275, 120, 111.21151019566275), ((99, 122), 0, 231.42191811411357, 121, 110.42191811411355), ((99, 123), 0, 231.80892495603445, 122, 109.80892495603443), ((100, 123), 0, 232.01834707974615, 123, 109.01834707974616), ((101, 123), 0, 232.2312339391915, 124, 108.23123393919151), ((101, 124), 0, 232.61505470890214, 125, 107.61505470890214), ((102, 124), 0, 232.82696288858915, 126, 106.82696288858914), ((103, 124), 0, 233.04244433244645, 127, 106.04244433244644), ((104, 124), 0, 233.26157893552613, 128, 105.26157893552613), ((105, 124), 0, 233.48444860360797, 129, 104.48444860360799), ((105, 125), 0, 233.85566907973777, 130, 103.85566907973777), ((106, 125), 0, 234.07764064044153, 131, 103.07764064044152), ((106, 126), 0, 234.44998779892558, 132, 102.44998779892558), ((106, 127), 0, 234.82828683622247, 133, 101.82828683622247), ((107, 127), 0, 235.04454463255303, 134, 101.04454463255303), ((108, 127), 0, 235.26464980241042, 135, 100.26464980241042), ((109, 127), 0, 235.48869282486328, 136, 99.48869282486326), ((110, 127), 0, 235.71676655968832, 137, 98.71676655968832), ((110, 128), 0, 236.08159868191382, 138, 98.08159868191383), ((111, 128), 0, 236.30878685915263, 139, 97.30878685915265), ((112, 128), 0, 236.54014708917737, 140, 96.54014708917737), ((113, 128), 0, 236.77577981932592, 141, 95.77577981932593), ((114, 128), 0, 237.01578816175763, 142, 95.01578816175763), ((114, 129), 0, 237.36630754670864, 143, 94.36630754670864), ((114, 130), 0, 237.72299611087985, 144, 93.72299611087985), ((114, 131), 0, 238.0859817588019, 145, 93.08598175880189), ((115, 131), 0, 238.31467922275417, 146, 92.31467922275417), ((115, 132), 0, 238.6787870774914, 147, 91.67878707749138), ((116, 132), 0, 238.90654541890808, 148, 90.9065454189081), ((117, 132), 0, 239.13878188659973, 149, 90.13878188659973), ((118, 132), 0, 239.37561188601734, 150, 89.37561188601732), ((118, 133), 0, 239.72992730753248, 151, 88.72992730753249), ((119, 133), 0, 239.965902484997, 152, 87.96590248499699), ((119, 134), 0, 240.32124598286492, 153, 87.32124598286491), ((120, 134), 0, 240.5563400335296, 154, 86.55634003352961), ((121, 134), 0, 240.79627031520658, 155, 85.7962703152066), ((122, 134), 0, 241.0411665018772, 156, 85.0411665018772), ((123, 134), 0, 241.29116205154605, 157, 84.29116205154607), ((123, 135), 0, 241.6301381082203, 158, 83.6301381082203), ((124, 135), 0, 241.87943049997386, 159, 82.87943049997388), ((125, 135), 0, 242.13403679352427, 160, 82.13403679352427), ((126, 135), 0, 242.39410298049853, 161, 81.39410298049853), ((127, 135), 0, 242.65977932030313, 162, 80.65977932030313), ((128, 135), 0, 242.93122043357027, 163, 79.93122043357026), ((129, 135), 0, 243.2085853932514, 164, 79.20858539325141), ((130, 135), 0, 243.49203781276162, 165, 78.49203781276162), ((131, 135), 0, 243.78174593052023, 166, 77.78174593052023), ((131, 136), 0, 244.07788269017254, 167, 77.07788269017254), ((132, 136), 0, 244.36753236814712, 168, 76.36753236814714), ((133, 136), 0, 244.66372975210777, 169, 75.66372975210778), ((133, 137), 0, 244.95331880577402, 170, 74.95331880577403), ((133, 138), 0, 245.2495791233863, 171, 74.24957912338628), ((134, 138), 0, 245.53910524340094, 172, 73.53910524340094), ((134, 139), 0, 245.83543093852057, 173, 72.83543093852057), ((135, 139), 0, 246.12489168102786, 174, 72.12489168102785), ((135, 140), 0, 246.42128534267638, 175, 71.42128534267638), ((136, 140), 0, 246.71067811865476, 176, 70.71067811865476), ((136, 141), 0, 247.00714249274856, 177, 70.00714249274856), ((137, 141), 0, 247.29646455628165, 178, 69.29646455628166), ((137, 142), 0, 247.59300255857005, 179, 68.59300255857006), ((138, 142), 0, 247.88225099390854, 180, 67.88225099390856), ((138, 143), 0, 248.17886572427375, 181, 67.17886572427373), ((138, 144), 0, 248.48308055437866, 182, 66.48308055437865), ((139, 144), 0, 248.76473218982954, 183, 65.76473218982953), ((140, 144), 0, 249.0538238691624, 184, 65.05382386916237), ((140, 145), 0, 249.35060217278468, 185, 64.35060217278468), ((141, 145), 0, 249.63961030678928, 186, 63.63961030678928), ((141, 146), 0, 249.93647591023824, 187, 62.93647591023825), ((142, 146), 0, 250.22539674441617, 188, 62.22539674441618), ((142, 147), 0, 250.5223536610881, 189, 61.5223536610881), ((143, 147), 0, 250.8111831820431, 190, 60.81118318204309), ((144, 147), 0, 251.10823570859486, 191, 60.108235708594876), ((144, 148), 0, 251.39696961967, 192, 59.39696961966999), ((144, 149), 0, 251.69412236331675, 193, 58.69412236331676), ((145, 149), 0, 251.9827560572969, 194, 57.982756057296896), ((145, 150), 0, 252.28001396647875, 195, 57.28001396647874), ((146, 150), 0, 252.5685424949238, 196, 56.568542494923804), ((146, 151), 0, 252.86591089385368, 197, 55.86591089385369), ((147, 151), 0, 253.1543289325507, 198, 55.154328932550705), ((147, 152), 0, 253.45181356024793, 199, 54.45181356024793), ((148, 152), 0, 253.74011537017762, 200, 53.74011537017761), ((148, 153), 0, 254.03772242470447, 201, 53.03772242470448), ((149, 153), 0, 254.3259018078045, 202, 52.32590180780452), ((150, 153), 0, 254.62363799656123, 203, 51.62363799656123), ((151, 153), 0, 254.93132631298738, 204, 50.93132631298737), ((151, 154), 0, 255.20956084253277, 205, 50.20956084253277), ((151, 155), 0, 255.49747468305833, 206, 49.49747468305833), ((151, 156), 0, 255.7954915950234, 207, 48.79549159502341), ((152, 156), 0, 256.0832611206852, 208, 48.08326112068523), ((152, 157), 0, 256.3814309619285, 209, 47.38143096192854), ((153, 157), 0, 256.6690475583121, 210, 46.66904755831214), ((153, 158), 0, 256.9673797382448, 211, 45.967379738244816), ((154, 158), 0, 257.25483399593907, 212, 45.254833995939045), ((155, 158), 0, 257.55333881989094, 213, 44.553338819890925), ((155, 159), 0, 257.84062043356596, 214, 43.840620433565945), ((156, 159), 0, 258.139309220246, 215, 43.139309220245984), ((157, 159), 0, 258.44997055358226, 216, 42.44997055358225), ((158, 159), 0, 258.7731971484109, 217, 41.773197148410844), ((158, 160), 0, 259.03656905736636, 218, 41.036569057366385), ((159, 160), 0, 259.36087214122114, 219, 40.36087214122113), ((159, 161), 0, 259.6232255123179, 220, 39.6232255123179), ((159, 162), 0, 259.89730067755346, 221, 38.897300677553446), ((159, 163), 0, 260.1837661840736, 222, 38.18376618407357), ((160, 163), 0, 260.48332962798264, 223, 37.48332962798263), ((161, 163), 0, 260.7967389859482, 224, 36.796738985948195), ((162, 163), 0, 261.1247837363769, 225, 36.124783736376884), ((162, 164), 0, 261.3836120259083, 226, 35.38361202590826), ((162, 165), 0, 261.6554469023269, 227, 34.655446902326915), ((162, 166), 0, 261.94112549695427, 228, 33.94112549695428), ((163, 166), 0, 262.2415402771893, 229, 33.24154027718932), ((163, 167), 0, 262.52691193458116, 230, 32.526911934581186), ((163, 168), 0, 262.8276609256791, 231, 31.827660925679098), ((164, 168), 0, 263.1126983722081, 232, 31.11269837220809), ((164, 169), 0, 263.41381265149107, 233, 30.4138126514911), ((165, 169), 0, 263.698484809835, 234, 29.698484809834994), ((166, 169), 0, 264.0, 235, 29.0), ((167, 169), 0, 264.3196045170126, 236, 28.319604517012593), ((167, 170), 0, 264.58622844826743, 237, 27.586228448267445), ((167, 171), 0, 264.8700576850888, 238, 26.870057685088806), ((168, 171), 0, 265.1725046566048, 239, 26.1725046566048), ((168, 172), 0, 265.4558441227157, 240, 25.45584412271571), ((169, 172), 0, 265.7588368062799, 241, 24.758836806279895), ((169, 173), 0, 266.04163056034264, 242, 24.041630560342615), ((169, 174), 0, 266.3452350598575, 243, 23.345235059857504), ((170, 174), 0, 266.62741699796953, 244, 22.627416997969522), ((171, 174), 0, 266.9317121994613, 245, 21.93171219946131), ((171, 175), 0, 267.2132034355964, 246, 21.213203435596427), ((171, 176), 0, 267.5182845286832, 247, 20.518284528683193), ((172, 176), 0, 267.7989898732233, 248, 19.79898987322333), ((172, 177), 0, 268.1049731745428, 249, 19.1049731745428), ((173, 177), 0, 268.3847763108502, 250, 18.384776310850235), ((173, 178), 0, 268.69180601295415, 251, 17.69180601295413), ((174, 178), 0, 268.97056274847716, 252, 16.97056274847714), ((175, 178), 0, 269.2788205960997, 253, 16.278820596099706), ((175, 179), 0, 269.55634918610406, 254, 15.556349186104045), ((175, 180), 0, 269.8660687473185, 255, 14.866068747318506), ((176, 180), 0, 270.14213562373095, 256, 14.142135623730951), ((176, 181), 0, 270.45362404707373, 257, 13.45362404707371), ((177, 181), 0, 270.72792206135784, 258, 12.727922061357855), ((177, 182), 0, 271.0415945787923, 259, 12.041594578792296), ((178, 182), 0, 271.31370849898474, 260, 11.313708498984761), ((178, 183), 0, 271.63014581273467, 261, 10.63014581273465), ((179, 183), 0, 271.8994949366117, 262, 9.899494936611665), ((179, 184), 0, 272.2195444572929, 263, 9.219544457292887), ((180, 184), 0, 272.4852813742386, 264, 8.48528137423857), ((180, 185), 0, 272.8102496759067, 265, 7.810249675906654), ((181, 185), 0, 273.0710678118655, 266, 7.0710678118654755), ((181, 186), 0, 273.40312423743285, 267, 6.4031242374328485), ((182, 186), 0, 273.65685424949237, 268, 5.656854249492381), ((182, 187), 0, 274.0, 269, 5.0), ((183, 187), 0, 274.24264068711926, 270, 4.242640687119285), ((183, 188), 0, 274.605551275464, 271, 3.605551275463989), ((183, 189), 0, 275.1622776601684, 272, 3.1622776601683795), ((183, 190), 0, 276.0, 273, 3.0), ((184, 190), 0, 276.0, 274, 2.0), ((185, 190), 0, 276.0, 275, 1.0), ((186, 190), 2, 276.0, 276, 0.0)]

