dfs -> Result:
total_distance: Not Reachable
time: 293.921875
checked_cells_no: 6589
memory: 2501

bfs -> Result:
total_distance: 276
time: 1644.890625
checked_cells_no: 34127
memory: 202
path: [((9, 49), 1, 0, 0, inf), ((9, 50), 0, 1, 1, inf), ((9, 51), 0, 2, 2, inf), ((10, 51), 0, 3, 3, inf), ((10, 52), 0, 4, 4, inf), ((10, 53), 0, 5, 5, inf), ((10, 54), 0, 6, 6, inf), ((10, 55), 0, 7, 7, inf), ((10, 56), 0, 8, 8, inf), ((10, 57), 0, 9, 9, inf), ((10, 58), 0, 10, 10, inf), ((10, 59), 0, 11, 11, inf), ((10, 60), 0, 12, 12, inf), ((10, 61), 0, 13, 13, inf), ((10, 62), 0, 14, 14, inf), ((10, 63), 0, 15, 15, inf), ((10, 64), 0, 16, 16, inf), ((10, 65), 0, 17, 17, inf), ((10, 66), 0, 18, 18, inf), ((10, 67), 0, 19, 19, inf), ((10, 68), 0, 20, 20, inf), ((10, 69), 0, 21, 21, inf), ((10, 70), 0, 22, 22, inf), ((10, 71), 0, 23, 23, inf), ((10, 72), 0, 24, 24, inf), ((10, 73), 0, 25, 25, inf), ((10, 74), 0, 26, 26, inf), ((10, 75), 0, 27, 27, inf), ((10, 76), 0, 28, 28, inf), ((10, 77), 0, 29, 29, inf), ((10, 78), 0, 30, 30, inf), ((10, 79), 0, 31, 31, inf), ((10, 80), 0, 32, 32, inf), ((10, 81), 0, 33, 33, inf), ((11, 81), 0, 34, 34, inf), ((11, 82), 0, 35, 35, inf), ((11, 83), 0, 36, 36, inf), ((11, 84), 0, 37, 37, inf), ((11, 85), 0, 38, 38, inf), ((11, 86), 0, 39, 39, inf), ((11, 87), 0, 40, 40, inf), ((12, 87), 0, 41, 41, inf), ((13, 87), 0, 42, 42, inf), ((13, 88), 0, 43, 43, inf), ((13, 89), 0, 44, 44, inf), ((13, 90), 0, 45, 45, inf), ((13, 91), 0, 46, 46, inf), ((13, 92), 0, 47, 47, inf), ((13, 93), 0, 48, 48, inf), ((13, 94), 0, 49, 49, inf), ((13, 95), 0, 50, 50, inf), ((13, 96), 0, 51, 51, inf), ((13, 97), 0, 52, 52, inf), ((13, 98), 0, 53, 53, inf), ((13, 99), 0, 54, 54, inf), ((13, 100), 0, 55, 55, inf), ((13, 101), 0, 56, 56, inf), ((13, 102), 0, 57, 57, inf), ((13, 103), 0, 58, 58, inf), ((13, 104), 0, 59, 59, inf), ((13, 105), 0, 60, 60, inf), ((13, 106), 0, 61, 61, inf), ((13, 107), 0, 62, 62, inf), ((13, 108), 0, 63, 63, inf), ((13, 109), 0, 64, 64, inf), ((13, 110), 0, 65, 65, inf), ((13, 111), 0, 66, 66, inf), ((13, 112), 0, 67, 67, inf), ((13, 113), 0, 68, 68, inf), ((14, 113), 0, 69, 69, inf), ((14, 114), 0, 70, 70, inf), ((14, 115), 0, 71, 71, inf), ((14, 116), 0, 72, 72, inf), ((14, 117), 0, 73, 73, inf), ((14, 118), 0, 74, 74, inf), ((14, 119), 0, 75, 75, inf), ((14, 120), 0, 76, 76, inf), ((14, 121), 0, 77, 77, inf), ((14, 122), 0, 78, 78, inf), ((14, 123), 0, 79, 79, inf), ((14, 124), 0, 80, 80, inf), ((14, 125), 0, 81, 81, inf), ((14, 126), 0, 82, 82, inf), ((14, 127), 0, 83, 83, inf), ((14, 128), 0, 84, 84, inf), ((14, 129), 0, 85, 85, inf), ((14, 130), 0, 86, 86, inf), ((14, 131), 0, 87, 87, inf), ((15, 131), 0, 88, 88, inf), ((16, 131), 0, 89, 89, inf), ((16, 132), 0, 90, 90, inf), ((16, 133), 0, 91, 91, inf), ((16, 134), 0, 92, 92, inf), ((16, 135), 0, 93, 93, inf), ((16, 136), 0, 94, 94, inf), ((16, 137), 0, 95, 95, inf), ((16, 138), 0, 96, 96, inf), ((16, 139), 0, 97, 97, inf), ((16, 140), 0, 98, 98, inf), ((16, 141), 0, 99, 99, inf), ((16, 142), 0, 100, 100, inf), ((16, 143), 0, 101, 101, inf), ((16, 144), 0, 102, 102, inf), ((17, 144), 0, 103, 103, inf), ((17, 145), 0, 104, 104, inf), ((17, 146), 0, 105, 105, inf), ((17, 147), 0, 106, 106, inf), ((17, 148), 0, 107, 107, inf), ((17, 149), 0, 108, 108, inf), ((18, 149), 0, 109, 109, inf), ((19, 149), 0, 110, 110, inf), ((20, 149), 0, 111, 111, inf), ((21, 149), 0, 112, 112, inf), ((22, 149), 0, 113, 113, inf), ((22, 150), 0, 114, 114, inf), ((23, 150), 0, 115, 115, inf), ((24, 150), 0, 116, 116, inf), ((25, 150), 0, 117, 117, inf), ((26, 150), 0, 118, 118, inf), ((27, 150), 0, 119, 119, inf), ((28, 150), 0, 120, 120, inf), ((29, 150), 0, 121, 121, inf), ((30, 150), 0, 122, 122, inf), ((31, 150), 0, 123, 123, inf), ((32, 150), 0, 124, 124, inf), ((33, 150), 0, 125, 125, inf), ((34, 150), 0, 126, 126, inf), ((35, 150), 0, 127, 127, inf), ((35, 151), 0, 128, 128, inf), ((35, 152), 0, 129, 129, inf), ((36, 152), 0, 130, 130, inf), ((37, 152), 0, 131, 131, inf), ((38, 152), 0, 132, 132, inf), ((39, 152), 0, 133, 133, inf), ((39, 153), 0, 134, 134, inf), ((40, 153), 0, 135, 135, inf), ((41, 153), 0, 136, 136, inf), ((41, 154), 0, 137, 137, inf), ((42, 154), 0, 138, 138, inf), ((43, 154), 0, 139, 139, inf), ((44, 154), 0, 140, 140, inf), ((45, 154), 0, 141, 141, inf), ((46, 154), 0, 142, 142, inf), ((47, 154), 0, 143, 143, inf), ((48, 154), 0, 144, 144, inf), ((49, 154), 0, 145, 145, inf), ((50, 154), 0, 146, 146, inf), ((51, 154), 0, 147, 147, inf), ((51, 155), 0, 148, 148, inf), ((52, 155), 0, 149, 149, inf), ((53, 155), 0, 150, 150, inf), ((54, 155), 0, 151, 151, inf), ((54, 156), 0, 152, 152, inf), ((55, 156), 0, 153, 153, inf), ((56, 156), 0, 154, 154, inf), ((56, 157), 0, 155, 155, inf), ((57, 157), 0, 156, 156, inf), ((58, 157), 0, 157, 157, inf), ((59, 157), 0, 158, 158, inf), ((60, 157), 0, 159, 159, inf), ((61, 157), 0, 160, 160, inf), ((62, 157), 0, 161, 161, inf), ((63, 157), 0, 162, 162, inf), ((64, 157), 0, 163, 163, inf), ((65, 157), 0, 164, 164, inf), ((66, 157), 0, 165, 165, inf), ((67, 157), 0, 166, 166, inf), ((68, 157), 0, 167, 167, inf), ((69, 157), 0, 168, 168, inf), ((70, 157), 0, 169, 169, inf), ((70, 158), 0, 170, 170, inf), ((71, 158), 0, 171, 171, inf), ((72, 158), 0, 172, 172, inf), ((73, 158), 0, 173, 173, inf), ((74, 158), 0, 174, 174, inf), ((75, 158), 0, 175, 175, inf), ((76, 158), 0, 176, 176, inf), ((77, 158), 0, 177, 177, inf), ((78, 158), 0, 178, 178, inf), ((79, 158), 0, 179, 179, inf), ((80, 158), 0, 180, 180, inf), ((81, 158), 0, 181, 181, inf), ((82, 158), 0, 182, 182, inf), ((83, 158), 0, 183, 183, inf), ((83, 159), 0, 184, 184, inf), ((84, 159), 0, 185, 185, inf), ((85, 159), 0, 186, 186, inf), ((86, 159), 0, 187, 187, inf), ((86, 160), 0, 188, 188, inf), ((87, 160), 0, 189, 189, inf), ((88, 160), 0, 190, 190, inf), ((89, 160), 0, 191, 191, inf), ((90, 160), 0, 192, 192, inf), ((91, 160), 0, 193, 193, inf), ((92, 160), 0, 194, 194, inf), ((93, 160), 0, 195, 195, inf), ((94, 160), 0, 196, 196, inf), ((95, 160), 0, 197, 197, inf), ((96, 160), 0, 198, 198, inf), ((97, 160), 0, 199, 199, inf), ((97, 161), 0, 200, 200, inf), ((98, 161), 0, 201, 201, inf), ((99, 161), 0, 202, 202, inf), ((100, 161), 0, 203, 203, inf), ((101, 161), 0, 204, 204, inf), ((102, 161), 0, 205, 205, inf), ((103, 161), 0, 206, 206, inf), ((104, 161), 0, 207, 207, inf), ((105, 161), 0, 208, 208, inf), ((106, 161), 0, 209, 209, inf), ((107, 161), 0, 210, 210, inf), ((108, 161), 0, 211, 211, inf), ((109, 161), 0, 212, 212, inf), ((110, 161), 0, 213, 213, inf), ((110, 162), 0, 214, 214, inf), ((110, 163), 0, 215, 215, inf), ((111, 163), 0, 216, 216, inf), ((112, 163), 0, 217, 217, inf), ((113, 163), 0, 218, 218, inf), ((114, 163), 0, 219, 219, inf), ((115, 163), 0, 220, 220, inf), ((116, 163), 0, 221, 221, inf), ((117, 163), 0, 222, 222, inf), ((118, 163), 0, 223, 223, inf), ((119, 163), 0, 224, 224, inf), ((120, 163), 0, 225, 225, inf), ((121, 163), 0, 226, 226, inf), ((122, 163), 0, 227, 227, inf), ((123, 163), 0, 228, 228, inf), ((123, 164), 0, 229, 229, inf), ((123, 165), 0, 230, 230, inf), ((124, 165), 0, 231, 231, inf), ((125, 165), 0, 232, 232, inf), ((125, 166), 0, 233, 233, inf), ((126, 166), 0, 234, 234, inf), ((127, 166), 0, 235, 235, inf), ((127, 167), 0, 236, 236, inf), ((128, 167), 0, 237, 237, inf), ((129, 167), 0, 238, 238, inf), ((130, 167), 0, 239, 239, inf), ((131, 167), 0, 240, 240, inf), ((132, 167), 0, 241, 241, inf), ((133, 167), 0, 242, 242, inf), ((133, 168), 0, 243, 243, inf), ((134, 168), 0, 244, 244, inf), ((134, 169), 0, 245, 245, inf), ((135, 169), 0, 246, 246, inf), ((136, 169), 0, 247, 247, inf), ((137, 169), 0, 248, 248, inf), ((138, 169), 0, 249, 249, inf), ((139, 169), 0, 250, 250, inf), ((140, 169), 0, 251, 251, inf), ((141, 169), 0, 252, 252, inf), ((142, 169), 0, 253, 253, inf), ((143, 169), 0, 254, 254, inf), ((144, 169), 0, 255, 255, inf), ((145, 169), 0, 256, 256, inf), ((146, 169), 0, 257, 257, inf), ((147, 169), 0, 258, 258, inf), ((148, 169), 0, 259, 259, inf), ((149, 169), 0, 260, 260, inf), ((150, 169), 0, 261, 261, inf), ((151, 169), 0, 262, 262, inf), ((152, 169), 0, 263, 263, inf), ((153, 169), 0, 264, 264, inf), ((154, 169), 0, 265, 265, inf), ((154, 170), 0, 266, 266, inf), ((155, 170), 0, 267, 267, inf), ((156, 170), 0, 268, 268, inf), ((156, 171), 0, 269, 269, inf), ((156, 172), 0, 270, 270, inf), ((157, 172), 0, 271, 271, inf), ((158, 172), 0, 272, 272, inf), ((159, 172), 0, 273, 273, inf), ((160, 172), 0, 274, 274, inf), ((161, 172), 0, 275, 275, inf), ((162, 172), 2, 276, 276, inf)]

greedy_best_first_search chebyshev_distance -> Result:
total_distance: 280
time: 12.75
checked_cells_no: 573
memory: 291
path: [((9, 49), 1, 153, 0, 153), ((9, 48), 0, 153, 1, 153), ((10, 48), 0, 152, 2, 152), ((11, 48), 0, 151, 3, 151), ((12, 48), 0, 150, 4, 150), ((13, 48), 0, 149, 5, 149), ((14, 48), 0, 148, 6, 148), ((15, 48), 0, 147, 7, 147), ((16, 48), 0, 146, 8, 146), ((17, 48), 0, 145, 9, 145), ((18, 48), 0, 144, 10, 144), ((19, 48), 0, 143, 11, 143), ((20, 48), 0, 142, 12, 142), ((21, 48), 0, 141, 13, 141), ((22, 48), 0, 140, 14, 140), ((23, 48), 0, 139, 15, 139), ((24, 48), 0, 138, 16, 138), ((25, 48), 0, 137, 17, 137), ((25, 47), 0, 137, 18, 137), ((26, 47), 0, 136, 19, 136), ((27, 47), 0, 135, 20, 135), ((28, 47), 0, 134, 21, 134), ((29, 47), 0, 133, 22, 133), ((30, 47), 0, 132, 23, 132), ((31, 47), 0, 131, 24, 131), ((32, 47), 0, 130, 25, 130), ((33, 47), 0, 129, 26, 129), ((34, 47), 0, 128, 27, 128), ((35, 47), 0, 127, 28, 127), ((36, 47), 0, 126, 29, 126), ((37, 47), 0, 125, 30, 125), ((37, 48), 0, 125, 31, 125), ((38, 48), 0, 124, 32, 124), ((38, 49), 0, 124, 33, 124), ((39, 49), 0, 123, 34, 123), ((39, 50), 0, 123, 35, 123), ((40, 50), 0, 122, 36, 122), ((40, 51), 0, 122, 37, 122), ((41, 51), 0, 121, 38, 121), ((42, 51), 0, 121, 39, 121), ((42, 52), 0, 120, 40, 120), ((42, 53), 0, 120, 41, 120), ((43, 53), 0, 119, 42, 119), ((43, 54), 0, 119, 43, 119), ((44, 54), 0, 118, 44, 118), ((44, 55), 0, 118, 45, 118), ((45, 55), 0, 117, 46, 117), ((45, 56), 0, 117, 47, 117), ((46, 56), 0, 116, 48, 116), ((46, 57), 0, 116, 49, 116), ((47, 57), 0, 115, 50, 115), ((47, 58), 0, 115, 51, 115), ((48, 58), 0, 114, 52, 114), ((48, 59), 0, 114, 53, 114), ((49, 59), 0, 113, 54, 113), ((49, 60), 0, 113, 55, 113), ((50, 60), 0, 112, 56, 112), ((50, 61), 0, 112, 57, 112), ((51, 61), 0, 111, 58, 111), ((52, 61), 0, 111, 59, 111), ((52, 62), 0, 110, 60, 110), ((52, 63), 0, 110, 61, 110), ((53, 63), 0, 109, 62, 109), ((53, 64), 0, 109, 63, 109), ((54, 64), 0, 108, 64, 108), ((54, 65), 0, 108, 65, 108), ((55, 65), 0, 107, 66, 107), ((55, 66), 0, 107, 67, 107), ((56, 66), 0, 106, 68, 106), ((56, 67), 0, 106, 69, 106), ((57, 67), 0, 105, 70, 105), ((57, 68), 0, 105, 71, 105), ((58, 68), 0, 104, 72, 104), ((58, 69), 0, 104, 73, 104), ((59, 69), 0, 103, 74, 103), ((59, 70), 0, 103, 75, 103), ((60, 70), 0, 102, 76, 102), ((60, 71), 0, 102, 77, 102), ((60, 72), 0, 102, 78, 102), ((61, 72), 0, 101, 79, 101), ((61, 73), 0, 101, 80, 101), ((62, 73), 0, 100, 81, 100), ((63, 73), 0, 99, 82, 99), ((64, 73), 0, 99, 83, 99), ((65, 73), 0, 99, 84, 99), ((65, 74), 0, 98, 85, 98), ((65, 75), 0, 97, 86, 97), ((66, 75), 0, 97, 87, 97), ((67, 75), 0, 97, 88, 97), ((67, 76), 0, 96, 89, 96), ((67, 77), 0, 95, 90, 95), ((67, 78), 0, 95, 91, 95), ((68, 78), 0, 94, 92, 94), ((68, 79), 0, 94, 93, 94), ((69, 79), 0, 93, 94, 93), ((69, 80), 0, 93, 95, 93), ((70, 80), 0, 92, 96, 92), ((70, 81), 0, 92, 97, 92), ((71, 81), 0, 91, 98, 91), ((71, 82), 0, 91, 99, 91), ((71, 83), 0, 91, 100, 91), ((71, 84), 0, 91, 101, 91), ((72, 84), 0, 90, 102, 90), ((73, 84), 0, 89, 103, 89), ((74, 84), 0, 88, 104, 88), ((74, 85), 0, 88, 105, 88), ((75, 85), 0, 87, 106, 87), ((75, 86), 0, 87, 107, 87), ((76, 86), 0, 86, 108, 86), ((76, 87), 0, 86, 109, 86), ((77, 87), 0, 85, 110, 85), ((78, 87), 0, 85, 111, 85), ((79, 87), 0, 85, 112, 85), ((80, 87), 0, 85, 113, 85), ((80, 88), 0, 84, 114, 84), ((80, 89), 0, 83, 115, 83), ((80, 90), 0, 82, 116, 82), ((80, 91), 0, 82, 117, 82), ((81, 91), 0, 81, 118, 81), ((81, 92), 0, 81, 119, 81), ((82, 92), 0, 80, 120, 80), ((82, 93), 0, 80, 121, 80), ((82, 94), 0, 80, 122, 80), ((83, 94), 0, 79, 123, 79), ((84, 94), 0, 78, 124, 78), ((84, 95), 0, 78, 125, 78), ((85, 95), 0, 77, 126, 77), ((86, 95), 0, 77, 127, 77), ((86, 96), 0, 76, 128, 76), ((86, 97), 0, 76, 129, 76), ((87, 97), 0, 75, 130, 75), ((87, 98), 0, 75, 131, 75), ((88, 98), 0, 74, 132, 74), ((88, 99), 0, 74, 133, 74), ((89, 99), 0, 73, 134, 73), ((89, 100), 0, 73, 135, 73), ((90, 100), 0, 72, 136, 72), ((90, 101), 0, 72, 137, 72), ((91, 101), 0, 71, 138, 71), ((91, 102), 0, 71, 139, 71), ((92, 102), 0, 70, 140, 70), ((92, 103), 0, 70, 141, 70), ((93, 103), 0, 69, 142, 69), ((93, 104), 0, 69, 143, 69), ((94, 104), 0, 68, 144, 68), ((94, 105), 0, 68, 145, 68), ((95, 105), 0, 67, 146, 67), ((95, 106), 0, 67, 147, 67), ((96, 106), 0, 66, 148, 66), ((96, 107), 0, 66, 149, 66), ((97, 107), 0, 65, 150, 65), ((97, 108), 0, 65, 151, 65), ((97, 109), 0, 65, 152, 65), ((98, 109), 0, 64, 153, 64), ((98, 110), 0, 64, 154, 64), ((99, 110), 0, 63, 155, 63), ((100, 110), 0, 62, 156, 62), ((100, 111), 0, 62, 157, 62), ((101, 111), 0, 61, 158, 61), ((101, 112), 0, 61, 159, 61), ((102, 112), 0, 60, 160, 60), ((102, 113), 0, 60, 161, 60), ((103, 113), 0, 59, 162, 59), ((103, 114), 0, 59, 163, 59), ((104, 114), 0, 58, 164, 58), ((104, 115), 0, 58, 165, 58), ((105, 115), 0, 57, 166, 57), ((105, 116), 0, 57, 167, 57), ((106, 116), 0, 56, 168, 56), ((106, 117), 0, 56, 169, 56), ((107, 117), 0, 55, 170, 55), ((107, 118), 0, 55, 171, 55), ((108, 118), 0, 54, 172, 54), ((108, 119), 0, 54, 173, 54), ((109, 119), 0, 53, 174, 53), ((109, 120), 0, 53, 175, 53), ((110, 120), 0, 52, 176, 52), ((110, 121), 0, 52, 177, 52), ((111, 121), 0, 51, 178, 51), ((111, 122), 0, 51, 179, 51), ((112, 122), 0, 50, 180, 50), ((112, 123), 0, 50, 181, 50), ((113, 123), 0, 49, 182, 49), ((113, 124), 0, 49, 183, 49), ((114, 124), 0, 48, 184, 48), ((114, 125), 0, 48, 185, 48), ((115, 125), 0, 47, 186, 47), ((115, 126), 0, 47, 187, 47), ((116, 126), 0, 46, 188, 46), ((116, 127), 0, 46, 189, 46), ((116, 128), 0, 46, 190, 46), ((117, 128), 0, 45, 191, 45), ((118, 128), 0, 44, 192, 44), ((119, 128), 0, 44, 193, 44), ((120, 128), 0, 44, 194, 44), ((120, 129), 0, 43, 195, 43), ((121, 129), 0, 43, 196, 43), ((121, 130), 0, 42, 197, 42), ((121, 131), 0, 41, 198, 41), ((122, 131), 0, 41, 199, 41), ((122, 132), 0, 40, 200, 40), ((122, 133), 0, 40, 201, 40), ((123, 133), 0, 39, 202, 39), ((123, 134), 0, 39, 203, 39), ((123, 135), 0, 39, 204, 39), ((124, 135), 0, 38, 205, 38), ((125, 135), 0, 37, 206, 37), ((126, 135), 0, 37, 207, 37), ((126, 136), 0, 36, 208, 36), ((126, 137), 0, 36, 209, 36), ((127, 137), 0, 35, 210, 35), ((127, 138), 0, 35, 211, 35), ((127, 139), 0, 35, 212, 35), ((128, 139), 0, 34, 213, 34), ((129, 139), 0, 33, 214, 33), ((129, 140), 0, 33, 215, 33), ((130, 140), 0, 32, 216, 32), ((130, 141), 0, 32, 217, 32), ((131, 141), 0, 31, 218, 31), ((131, 142), 0, 31, 219, 31), ((132, 142), 0, 30, 220, 30), ((132, 143), 0, 30, 221, 30), ((133, 143), 0, 29, 222, 29), ((133, 144), 0, 29, 223, 29), ((134, 144), 0, 28, 224, 28), ((134, 145), 0, 28, 225, 28), ((135, 145), 0, 27, 226, 27), ((135, 146), 0, 27, 227, 27), ((136, 146), 0, 26, 228, 26), ((136, 147), 0, 26, 229, 26), ((137, 147), 0, 25, 230, 25), ((137, 148), 0, 25, 231, 25), ((138, 148), 0, 24, 232, 24), ((138, 149), 0, 24, 233, 24), ((139, 149), 0, 23, 234, 23), ((139, 150), 0, 23, 235, 23), ((140, 150), 0, 22, 236, 22), ((140, 151), 0, 22, 237, 22), ((141, 151), 0, 21, 238, 21), ((141, 152), 0, 21, 239, 21), ((142, 152), 0, 20, 240, 20), ((142, 153), 0, 20, 241, 20), ((143, 153), 0, 19, 242, 19), ((143, 154), 0, 19, 243, 19), ((144, 154), 0, 18, 244, 18), ((144, 155), 0, 18, 245, 18), ((145, 155), 0, 17, 246, 17), ((146, 155), 0, 17, 247, 17), ((146, 156), 0, 16, 248, 16), ((146, 157), 0, 16, 249, 16), ((147, 157), 0, 15, 250, 15), ((147, 158), 0, 15, 251, 15), ((147, 159), 0, 15, 252, 15), ((147, 160), 0, 15, 253, 15), ((148, 160), 0, 14, 254, 14), ((149, 160), 0, 13, 255, 13), ((150, 160), 0, 12, 256, 12), ((150, 161), 0, 12, 257, 12), ((151, 161), 0, 11, 258, 11), ((151, 162), 0, 11, 259, 11), ((151, 163), 0, 11, 260, 11), ((152, 163), 0, 10, 261, 10), ((153, 163), 0, 9, 262, 9), ((153, 164), 0, 9, 263, 9), ((154, 164), 0, 8, 264, 8), ((154, 165), 0, 8, 265, 8), ((155, 165), 0, 7, 266, 7), ((155, 166), 0, 7, 267, 7), ((156, 166), 0, 6, 268, 6), ((156, 167), 0, 6, 269, 6), ((157, 167), 0, 5, 270, 5), ((157, 168), 0, 5, 271, 5), ((158, 168), 0, 4, 272, 4), ((158, 169), 0, 4, 273, 4), ((159, 169), 0, 3, 274, 3), ((159, 170), 0, 3, 275, 3), ((160, 170), 0, 2, 276, 2), ((160, 171), 0, 2, 277, 2), ((161, 171), 0, 1, 278, 1), ((161, 172), 0, 1, 279, 1), ((162, 172), 2, 0, 280, 0)]

greedy_best_first_search manhattan_distance -> Result:
total_distance: 298
time: 13.25
checked_cells_no: 766
memory: 462
path: [((9, 49), 1, 276, 0, 276), ((9, 50), 0, 275, 1, 275), ((9, 51), 0, 274, 2, 274), ((10, 51), 0, 273, 3, 273), ((10, 52), 0, 272, 4, 272), ((10, 53), 0, 271, 5, 271), ((10, 54), 0, 270, 6, 270), ((10, 55), 0, 269, 7, 269), ((10, 56), 0, 268, 8, 268), ((10, 57), 0, 267, 9, 267), ((10, 58), 0, 266, 10, 266), ((10, 59), 0, 265, 11, 265), ((10, 60), 0, 264, 12, 264), ((10, 61), 0, 263, 13, 263), ((10, 62), 0, 262, 14, 262), ((10, 63), 0, 261, 15, 261), ((10, 64), 0, 260, 16, 260), ((10, 65), 0, 259, 17, 259), ((10, 66), 0, 258, 18, 258), ((10, 67), 0, 257, 19, 257), ((10, 68), 0, 256, 20, 256), ((10, 69), 0, 255, 21, 255), ((10, 70), 0, 254, 22, 254), ((10, 71), 0, 253, 23, 253), ((10, 72), 0, 252, 24, 252), ((10, 73), 0, 251, 25, 251), ((10, 74), 0, 250, 26, 250), ((10, 75), 0, 249, 27, 249), ((10, 76), 0, 248, 28, 248), ((10, 77), 0, 247, 29, 247), ((10, 78), 0, 246, 30, 246), ((10, 79), 0, 245, 31, 245), ((10, 80), 0, 244, 32, 244), ((10, 81), 0, 243, 33, 243), ((11, 81), 0, 242, 34, 242), ((11, 82), 0, 241, 35, 241), ((11, 83), 0, 240, 36, 240), ((11, 84), 0, 239, 37, 239), ((11, 85), 0, 238, 38, 238), ((11, 86), 0, 237, 39, 237), ((11, 87), 0, 236, 40, 236), ((12, 87), 0, 235, 41, 235), ((13, 87), 0, 234, 42, 234), ((13, 88), 0, 233, 43, 233), ((13, 89), 0, 232, 44, 232), ((13, 90), 0, 231, 45, 231), ((13, 91), 0, 230, 46, 230), ((13, 92), 0, 229, 47, 229), ((13, 93), 0, 228, 48, 228), ((13, 94), 0, 227, 49, 227), ((13, 95), 0, 226, 50, 226), ((13, 96), 0, 225, 51, 225), ((13, 97), 0, 224, 52, 224), ((13, 98), 0, 223, 53, 223), ((13, 99), 0, 222, 54, 222), ((13, 100), 0, 221, 55, 221), ((13, 101), 0, 220, 56, 220), ((13, 102), 0, 219, 57, 219), ((13, 103), 0, 218, 58, 218), ((13, 104), 0, 217, 59, 217), ((13, 105), 0, 216, 60, 216), ((13, 106), 0, 215, 61, 215), ((13, 107), 0, 214, 62, 214), ((13, 108), 0, 213, 63, 213), ((13, 109), 0, 212, 64, 212), ((13, 110), 0, 211, 65, 211), ((13, 111), 0, 210, 66, 210), ((13, 112), 0, 209, 67, 209), ((13, 113), 0, 208, 68, 208), ((14, 113), 0, 207, 69, 207), ((14, 114), 0, 206, 70, 206), ((14, 115), 0, 205, 71, 205), ((14, 116), 0, 204, 72, 204), ((14, 117), 0, 203, 73, 203), ((14, 118), 0, 202, 74, 202), ((14, 119), 0, 201, 75, 201), ((14, 120), 0, 200, 76, 200), ((14, 121), 0, 199, 77, 199), ((14, 122), 0, 198, 78, 198), ((14, 123), 0, 197, 79, 197), ((14, 124), 0, 196, 80, 196), ((14, 125), 0, 195, 81, 195), ((14, 126), 0, 194, 82, 194), ((14, 127), 0, 193, 83, 193), ((14, 128), 0, 192, 84, 192), ((14, 129), 0, 191, 85, 191), ((14, 130), 0, 190, 86, 190), ((14, 131), 0, 189, 87, 189), ((15, 131), 0, 188, 88, 188), ((16, 131), 0, 187, 89, 187), ((16, 132), 0, 186, 90, 186), ((16, 133), 0, 185, 91, 185), ((16, 134), 0, 184, 92, 184), ((16, 135), 0, 183, 93, 183), ((16, 136), 0, 182, 94, 182), ((16, 137), 0, 181, 95, 181), ((16, 138), 0, 180, 96, 180), ((16, 139), 0, 179, 97, 179), ((16, 140), 0, 178, 98, 178), ((16, 141), 0, 177, 99, 177), ((16, 142), 0, 176, 100, 176), ((16, 143), 0, 175, 101, 175), ((16, 144), 0, 174, 102, 174), ((17, 144), 0, 173, 103, 173), ((17, 145), 0, 172, 104, 172), ((17, 146), 0, 171, 105, 171), ((17, 147), 0, 170, 106, 170), ((17, 148), 0, 169, 107, 169), ((17, 149), 0, 168, 108, 168), ((17, 150), 0, 167, 109, 167), ((17, 151), 0, 166, 110, 166), ((17, 152), 0, 165, 111, 165), ((17, 153), 0, 164, 112, 164), ((17, 154), 0, 163, 113, 163), ((17, 155), 0, 162, 114, 162), ((17, 156), 0, 161, 115, 161), ((17, 157), 0, 160, 116, 160), ((18, 157), 0, 159, 117, 159), ((18, 158), 0, 158, 118, 158), ((18, 159), 0, 157, 119, 157), ((18, 160), 0, 156, 120, 156), ((18, 161), 0, 155, 121, 155), ((18, 162), 0, 154, 122, 154), ((18, 163), 0, 153, 123, 153), ((18, 164), 0, 152, 124, 152), ((18, 165), 0, 151, 125, 151), ((18, 166), 0, 150, 126, 150), ((18, 167), 0, 149, 127, 149), ((18, 168), 0, 148, 128, 148), ((18, 169), 0, 147, 129, 147), ((18, 170), 0, 146, 130, 146), ((18, 171), 0, 145, 131, 145), ((19, 171), 0, 144, 132, 144), ((20, 171), 0, 143, 133, 143), ((20, 172), 0, 142, 134, 142), ((21, 172), 0, 141, 135, 141), ((22, 172), 0, 140, 136, 140), ((22, 171), 0, 141, 137, 141), ((23, 171), 0, 140, 138, 140), ((24, 171), 0, 139, 139, 139), ((24, 172), 0, 138, 140, 138), ((25, 172), 0, 137, 141, 137), ((26, 172), 0, 136, 142, 136), ((27, 172), 0, 135, 143, 135), ((28, 172), 0, 134, 144, 134), ((29, 172), 0, 133, 145, 133), ((30, 172), 0, 132, 146, 132), ((31, 172), 0, 131, 147, 131), ((32, 172), 0, 130, 148, 130), ((33, 172), 0, 129, 149, 129), ((34, 172), 0, 128, 150, 128), ((35, 172), 0, 127, 151, 127), ((36, 172), 0, 126, 152, 126), ((37, 172), 0, 125, 153, 125), ((38, 172), 0, 124, 154, 124), ((38, 171), 0, 125, 155, 125), ((39, 171), 0, 124, 156, 124), ((40, 171), 0, 123, 157, 123), ((40, 172), 0, 122, 158, 122), ((41, 172), 0, 121, 159, 121), ((42, 172), 0, 120, 160, 120), ((43, 172), 0, 119, 161, 119), ((44, 172), 0, 118, 162, 118), ((45, 172), 0, 117, 163, 117), ((46, 172), 0, 116, 164, 116), ((47, 172), 0, 115, 165, 115), ((48, 172), 0, 114, 166, 114), ((49, 172), 0, 113, 167, 113), ((50, 172), 0, 112, 168, 112), ((51, 172), 0, 111, 169, 111), ((52, 172), 0, 110, 170, 110), ((53, 172), 0, 109, 171, 109), ((54, 172), 0, 108, 172, 108), ((55, 172), 0, 107, 173, 107), ((55, 171), 0, 108, 174, 108), ((56, 171), 0, 107, 175, 107), ((57, 171), 0, 106, 176, 106), ((58, 171), 0, 105, 177, 105), ((59, 171), 0, 104, 178, 104), ((59, 172), 0, 103, 179, 103), ((60, 172), 0, 102, 180, 102), ((61, 172), 0, 101, 181, 101), ((62, 172), 0, 100, 182, 100), ((63, 172), 0, 99, 183, 99), ((63, 173), 0, 100, 184, 100), ((64, 173), 0, 99, 185, 99), ((65, 173), 0, 98, 186, 98), ((66, 173), 0, 97, 187, 97), ((66, 172), 0, 96, 188, 96), ((67, 172), 0, 95, 189, 95), ((68, 172), 0, 94, 190, 94), ((69, 172), 0, 93, 191, 93), ((70, 172), 0, 92, 192, 92), ((71, 172), 0, 91, 193, 91), ((72, 172), 0, 90, 194, 90), ((73, 172), 0, 89, 195, 89), ((74, 172), 0, 88, 196, 88), ((75, 172), 0, 87, 197, 87), ((76, 172), 0, 86, 198, 86), ((77, 172), 0, 85, 199, 85), ((78, 172), 0, 84, 200, 84), ((79, 172), 0, 83, 201, 83), ((80, 172), 0, 82, 202, 82), ((81, 172), 0, 81, 203, 81), ((82, 172), 0, 80, 204, 80), ((83, 172), 0, 79, 205, 79), ((84, 172), 0, 78, 206, 78), ((85, 172), 0, 77, 207, 77), ((86, 172), 0, 76, 208, 76), ((86, 171), 0, 77, 209, 77), ((87, 171), 0, 76, 210, 76), ((88, 171), 0, 75, 211, 75), ((88, 172), 0, 74, 212, 74), ((89, 172), 0, 73, 213, 73), ((90, 172), 0, 72, 214, 72), ((91, 172), 0, 71, 215, 71), ((91, 171), 0, 72, 216, 72), ((92, 171), 0, 71, 217, 71), ((93, 171), 0, 70, 218, 70), ((93, 172), 0, 69, 219, 69), ((94, 172), 0, 68, 220, 68), ((95, 172), 0, 67, 221, 67), ((96, 172), 0, 66, 222, 66), ((97, 172), 0, 65, 223, 65), ((97, 171), 0, 66, 224, 66), ((98, 171), 0, 65, 225, 65), ((99, 171), 0, 64, 226, 64), ((99, 172), 0, 63, 227, 63), ((100, 172), 0, 62, 228, 62), ((101, 172), 0, 61, 229, 61), ((101, 171), 0, 62, 230, 62), ((102, 171), 0, 61, 231, 61), ((103, 171), 0, 60, 232, 60), ((103, 172), 0, 59, 233, 59), ((104, 172), 0, 58, 234, 58), ((105, 172), 0, 57, 235, 57), ((106, 172), 0, 56, 236, 56), ((107, 172), 0, 55, 237, 55), ((108, 172), 0, 54, 238, 54), ((109, 172), 0, 53, 239, 53), ((110, 172), 0, 52, 240, 52), ((111, 172), 0, 51, 241, 51), ((112, 172), 0, 50, 242, 50), ((113, 172), 0, 49, 243, 49), ((114, 172), 0, 48, 244, 48), ((114, 171), 0, 49, 245, 49), ((115, 171), 0, 48, 246, 48), ((116, 171), 0, 47, 247, 47), ((116, 172), 0, 46, 248, 46), ((117, 172), 0, 45, 249, 45), ((118, 172), 0, 44, 250, 44), ((119, 172), 0, 43, 251, 43), ((120, 172), 0, 42, 252, 42), ((121, 172), 0, 41, 253, 41), ((122, 172), 0, 40, 254, 40), ((123, 172), 0, 39, 255, 39), ((124, 172), 0, 38, 256, 38), ((125, 172), 0, 37, 257, 37), ((126, 172), 0, 36, 258, 36), ((127, 172), 0, 35, 259, 35), ((128, 172), 0, 34, 260, 34), ((129, 172), 0, 33, 261, 33), ((130, 172), 0, 32, 262, 32), ((130, 171), 0, 33, 263, 33), ((131, 171), 0, 32, 264, 32), ((132, 171), 0, 31, 265, 31), ((133, 171), 0, 30, 266, 30), ((134, 171), 0, 29, 267, 29), ((135, 171), 0, 28, 268, 28), ((135, 172), 0, 27, 269, 27), ((136, 172), 0, 26, 270, 26), ((137, 172), 0, 25, 271, 25), ((138, 172), 0, 24, 272, 24), ((139, 172), 0, 23, 273, 23), ((140, 172), 0, 22, 274, 22), ((141, 172), 0, 21, 275, 21), ((142, 172), 0, 20, 276, 20), ((143, 172), 0, 19, 277, 19), ((144, 172), 0, 18, 278, 18), ((145, 172), 0, 17, 279, 17), ((146, 172), 0, 16, 280, 16), ((147, 172), 0, 15, 281, 15), ((148, 172), 0, 14, 282, 14), ((149, 172), 0, 13, 283, 13), ((150, 172), 0, 12, 284, 12), ((151, 172), 0, 11, 285, 11), ((152, 172), 0, 10, 286, 10), ((153, 172), 0, 9, 287, 9), ((154, 172), 0, 8, 288, 8), ((154, 173), 0, 9, 289, 9), ((155, 173), 0, 8, 290, 8), ((156, 173), 0, 7, 291, 7), ((156, 172), 0, 6, 292, 6), ((157, 172), 0, 5, 293, 5), ((158, 172), 0, 4, 294, 4), ((159, 172), 0, 3, 295, 3), ((160, 172), 0, 2, 296, 2), ((161, 172), 0, 1, 297, 1), ((162, 172), 2, 0, 298, 0)]

greedy_best_first_search euclidean_distance -> Result:
total_distance: 276
time: 12.265625
checked_cells_no: 574
memory: 296
path: [((9, 49), 1, 196.31097778779463, 0, 196.31097778779463), ((9, 50), 0, 195.68597292601225, 1, 195.68597292601225), ((10, 50), 0, 194.90510511528424, 2, 194.90510511528424), ((11, 50), 0, 194.12624758130983, 3, 194.12624758130983), ((12, 50), 0, 193.34942461771124, 4, 193.34942461771124), ((13, 50), 0, 192.57466084612483, 5, 192.57466084612483), ((14, 50), 0, 191.80198122021577, 6, 191.80198122021577), ((15, 50), 0, 191.03141102970474, 7, 191.03141102970474), ((16, 50), 0, 190.26297590440447, 8, 190.26297590440447), ((17, 50), 0, 189.49670181826386, 9, 189.49670181826386), ((18, 50), 0, 188.73261509341728, 10, 188.73261509341728), ((19, 50), 0, 187.97074240423694, 11, 187.97074240423694), ((20, 50), 0, 187.21111078138497, 12, 187.21111078138497), ((21, 50), 0, 186.45374761586316, 13, 186.45374761586316), ((22, 50), 0, 185.69868066305693, 14, 185.69868066305693), ((23, 50), 0, 184.94593804677083, 15, 184.94593804677083), ((24, 50), 0, 184.19554826325202, 16, 184.19554826325202), ((25, 50), 0, 183.44754018519845, 17, 183.44754018519845), ((26, 50), 0, 182.70194306574848, 18, 182.70194306574848), ((27, 50), 0, 181.95878654244757, 19, 181.95878654244757), ((28, 50), 0, 181.2181006411887, 20, 181.2181006411887), ((29, 50), 0, 180.47991578012218, 21, 180.47991578012218), ((30, 50), 0, 179.74426277353055, 22, 179.74426277353055), ((31, 50), 0, 179.0111728356641, 23, 179.0111728356641), ((32, 50), 0, 178.2806775845324, 24, 178.2806775845324), ((33, 50), 0, 177.55280904564702, 25, 177.55280904564702), ((34, 50), 0, 176.82759965570986, 26, 176.82759965570986), ((35, 50), 0, 176.1050822662424, 27, 176.1050822662424), ((36, 50), 0, 175.38529014715002, 28, 175.38529014715002), ((37, 50), 0, 174.6682569902156, 29, 174.6682569902156), ((38, 50), 0, 173.95401691251627, 30, 173.95401691251627), ((39, 50), 0, 173.24260445975753, 31, 173.24260445975753), ((40, 50), 0, 172.5340546095176, 32, 172.5340546095176), ((40, 51), 0, 171.82840277439584, 33, 171.82840277439584), ((41, 51), 0, 171.1198410471445, 34, 171.1198410471445), ((42, 51), 0, 170.41420128616042, 35, 170.41420128616042), ((42, 52), 0, 169.7056274847714, 36, 169.7056274847714), ((42, 53), 0, 169.0, 37, 169.0), ((43, 53), 0, 168.2914139223983, 38, 168.2914139223983), ((43, 54), 0, 167.5857989210303, 39, 167.5857989210303), ((44, 54), 0, 166.87720036002523, 40, 166.87720036002523), ((44, 55), 0, 166.1715980545412, 41, 166.1715980545412), ((45, 55), 0, 165.46298679765212, 42, 165.46298679765212), ((45, 56), 0, 164.7573974060042, 43, 164.7573974060042), ((46, 56), 0, 164.04877323527901, 44, 164.04877323527901), ((46, 57), 0, 163.3431969810803, 45, 163.3431969810803), ((47, 57), 0, 162.63455967290594, 46, 162.63455967290594), ((47, 58), 0, 161.92899678562824, 47, 161.92899678562824), ((48, 58), 0, 161.22034611053283, 48, 161.22034611053283), ((48, 59), 0, 160.51479682571323, 49, 160.51479682571323), ((49, 59), 0, 159.80613254815975, 50, 159.80613254815975), ((49, 60), 0, 159.10059710761615, 51, 159.10059710761615), ((50, 60), 0, 158.39191898578665, 52, 158.39191898578665), ((50, 61), 0, 157.68639763784319, 53, 157.68639763784319), ((51, 61), 0, 156.97770542341354, 54, 156.97770542341354), ((52, 61), 0, 156.27219842313605, 55, 156.27219842313605), ((52, 62), 0, 155.56349186104046, 56, 155.56349186104046), ((52, 63), 0, 154.85799947048264, 57, 154.85799947048264), ((53, 63), 0, 154.14927829866735, 58, 154.14927829866735), ((53, 64), 0, 153.44380078712857, 59, 153.44380078712857), ((54, 64), 0, 152.73506473629428, 60, 152.73506473629428), ((54, 65), 0, 152.029602380589, 61, 152.029602380589), ((55, 65), 0, 151.32085117392117, 62, 151.32085117392117), ((55, 66), 0, 150.6154042586614, 63, 150.6154042586614), ((56, 66), 0, 149.90663761154806, 64, 149.90663761154806), ((56, 67), 0, 149.20120642943877, 65, 149.20120642943877), ((57, 67), 0, 148.49242404917499, 66, 148.49242404917499), ((57, 68), 0, 147.78700890132393, 67, 147.78700890132393), ((58, 68), 0, 147.07821048680188, 68, 147.07821048680188), ((58, 69), 0, 146.37281168304446, 69, 146.37281168304446), ((59, 69), 0, 145.6639969244288, 70, 145.6639969244288), ((59, 70), 0, 144.9586147836685, 71, 144.9586147836685), ((60, 70), 0, 144.2497833620557, 72, 144.2497833620557), ((60, 71), 0, 143.54441821262157, 73, 143.54441821262157), ((60, 72), 0, 142.84257068535277, 74, 142.84257068535277), ((61, 72), 0, 142.13022197970423, 75, 142.13022197970423), ((61, 73), 0, 141.42842712835352, 76, 141.42842712835352), ((62, 73), 0, 140.71602609511115, 77, 140.71602609511115), ((63, 73), 0, 140.0071426749364, 78, 140.0071426749364), ((64, 73), 0, 139.30183056945089, 79, 139.30183056945089), ((65, 73), 0, 138.6001443000692, 80, 138.6001443000692), ((65, 74), 0, 137.88763541376724, 81, 137.88763541376724), ((65, 75), 0, 137.17871555019022, 82, 137.17871555019022), ((66, 75), 0, 136.4734406395618, 83, 136.4734406395618), ((67, 75), 0, 135.77186748365804, 84, 135.77186748365804), ((67, 76), 0, 135.05924625881784, 85, 135.05924625881784), ((67, 77), 0, 134.35028842544403, 86, 134.35028842544403), ((67, 78), 0, 133.64505228402584, 87, 133.64505228402584), ((68, 78), 0, 132.93607486307093, 88, 132.93607486307093), ((68, 79), 0, 132.23085872821065, 89, 132.23085872821065), ((69, 79), 0, 131.52186130069785, 90, 131.52186130069785), ((69, 80), 0, 130.8166656049603, 91, 130.8166656049603), ((70, 80), 0, 130.10764773832474, 92, 130.10764773832474), ((70, 81), 0, 129.40247292845683, 93, 129.40247292845683), ((71, 81), 0, 128.69343417595164, 94, 128.69343417595164), ((71, 82), 0, 127.98828071350908, 95, 127.98828071350908), ((71, 83), 0, 127.28707711311466, 96, 127.28707711311466), ((71, 84), 0, 126.58988901172162, 97, 126.58988901172162), ((72, 84), 0, 125.8729518204765, 98, 125.8729518204765), ((73, 84), 0, 125.15989773086265, 99, 125.15989773086265), ((74, 84), 0, 124.45079348883236, 100, 124.45079348883236), ((74, 85), 0, 123.7457069962429, 101, 123.7457069962429), ((75, 85), 0, 123.03657992645927, 102, 123.03657992645927), ((75, 86), 0, 122.3315167894194, 103, 122.3315167894194), ((76, 86), 0, 121.62236636408618, 104, 121.62236636408618), ((76, 87), 0, 120.91732712891069, 105, 120.91732712891069), ((77, 87), 0, 120.20815280171308, 106, 120.20815280171308), ((78, 87), 0, 119.50313803411188, 107, 119.50313803411188), ((79, 87), 0, 118.80235687897779, 108, 118.80235687897779), ((80, 87), 0, 118.10588469674151, 109, 118.10588469674151), ((80, 88), 0, 117.38824472663352, 110, 117.38824472663352), ((80, 89), 0, 116.67476162392619, 111, 116.67476162392619), ((80, 90), 0, 115.96551211459379, 112, 115.96551211459379), ((80, 91), 0, 115.26057435220423, 113, 115.26057435220423), ((81, 91), 0, 114.5512985522207, 114, 114.5512985522207), ((81, 92), 0, 113.84638773364749, 115, 113.84638773364749), ((82, 92), 0, 113.13708498984761, 116, 113.13708498984761), ((82, 93), 0, 112.43220179290273, 117, 112.43220179290273), ((82, 94), 0, 111.73182178770737, 118, 111.73182178770737), ((83, 94), 0, 111.01801655587259, 119, 111.01801655587259), ((84, 94), 0, 110.30865786510141, 120, 110.30865786510141), ((84, 95), 0, 109.60383204979651, 121, 109.60383204979651), ((85, 95), 0, 108.89444430272832, 122, 108.89444430272832), ((86, 95), 0, 108.18964830333815, 123, 108.18964830333815), ((86, 96), 0, 107.48023074035522, 124, 107.48023074035522), ((86, 97), 0, 106.77546534667971, 125, 106.77546534667971), ((87, 97), 0, 106.06601717798213, 126, 106.06601717798213), ((87, 98), 0, 105.3612832116238, 127, 105.3612832116238), ((88, 98), 0, 104.65180361560904, 128, 104.65180361560904), ((88, 99), 0, 103.9471019317037, 129, 103.9471019317037), ((89, 99), 0, 103.23759005323593, 130, 103.23759005323593), ((89, 100), 0, 102.53292154230269, 131, 102.53292154230269), ((90, 100), 0, 101.82337649086284, 132, 101.82337649086284), ((90, 101), 0, 101.11874208078342, 133, 101.11874208078342), ((91, 101), 0, 100.40916292848975, 134, 100.40916292848975), ((91, 102), 0, 99.70456358662827, 135, 99.70456358662827), ((92, 102), 0, 98.99494936611666, 136, 98.99494936611666), ((92, 103), 0, 98.29038610159185, 137, 98.29038610159185), ((93, 103), 0, 97.58073580374356, 138, 97.58073580374356), ((93, 104), 0, 96.87620966986684, 139, 96.87620966986684), ((94, 104), 0, 96.16652224137046, 140, 96.16652224137046), ((94, 105), 0, 95.46203433826454, 141, 95.46203433826454), ((95, 105), 0, 94.75230867899737, 142, 94.75230867899737), ((95, 106), 0, 94.04786015641186, 143, 94.04786015641186), ((96, 106), 0, 93.33809511662427, 144, 93.33809511662427), ((96, 107), 0, 92.63368717696602, 145, 92.63368717696602), ((97, 107), 0, 91.92388155425118, 146, 91.92388155425118), ((97, 108), 0, 91.21951545584969, 147, 91.21951545584969), ((97, 109), 0, 90.52071586106685, 148, 90.52071586106685), ((98, 109), 0, 89.80534505250787, 149, 89.80534505250787), ((98, 110), 0, 89.10667763978185, 150, 89.10667763978185), ((99, 110), 0, 88.3911760301898, 151, 88.3911760301898), ((100, 110), 0, 87.68124086713189, 152, 87.68124086713189), ((100, 111), 0, 86.97700845625813, 153, 86.97700845625813), ((101, 111), 0, 86.2670273047588, 154, 86.2670273047588), ((101, 112), 0, 85.56284240252891, 155, 85.56284240252891), ((102, 112), 0, 84.8528137423857, 156, 84.8528137423857), ((102, 113), 0, 84.1486779456457, 157, 84.1486779456457), ((103, 113), 0, 83.43860018001261, 158, 83.43860018001261), ((103, 114), 0, 82.73451516749222, 159, 82.73451516749222), ((104, 114), 0, 82.02438661763951, 160, 82.02438661763951), ((104, 115), 0, 81.32035415564789, 161, 81.32035415564789), ((105, 115), 0, 80.61017305526642, 162, 80.61017305526642), ((105, 116), 0, 79.90619500389191, 163, 79.90619500389191), ((106, 116), 0, 79.19595949289332, 164, 79.19595949289332), ((106, 117), 0, 78.49203781276162, 165, 78.49203781276162), ((107, 117), 0, 77.78174593052023, 166, 77.78174593052023), ((107, 118), 0, 77.07788269017254, 167, 77.07788269017254), ((108, 118), 0, 76.36753236814714, 168, 76.36753236814714), ((108, 119), 0, 75.66372975210778, 169, 75.66372975210778), ((109, 119), 0, 74.95331880577403, 170, 74.95331880577403), ((109, 120), 0, 74.24957912338628, 171, 74.24957912338628), ((110, 120), 0, 73.53910524340094, 172, 73.53910524340094), ((110, 121), 0, 72.83543093852057, 173, 72.83543093852057), ((111, 121), 0, 72.12489168102785, 174, 72.12489168102785), ((111, 122), 0, 71.42128534267638, 175, 71.42128534267638), ((112, 122), 0, 70.71067811865476, 176, 70.71067811865476), ((112, 123), 0, 70.00714249274856, 177, 70.00714249274856), ((113, 123), 0, 69.29646455628166, 178, 69.29646455628166), ((113, 124), 0, 68.59300255857006, 179, 68.59300255857006), ((114, 124), 0, 67.88225099390856, 180, 67.88225099390856), ((114, 125), 0, 67.17886572427373, 181, 67.17886572427373), ((115, 125), 0, 66.46803743153546, 182, 66.46803743153546), ((115, 126), 0, 65.76473218982953, 183, 65.76473218982953), ((116, 126), 0, 65.05382386916237, 184, 65.05382386916237), ((116, 127), 0, 64.35060217278468, 185, 64.35060217278468), ((116, 128), 0, 63.655321851358195, 186, 63.655321851358195), ((117, 128), 0, 62.93647591023825, 187, 62.93647591023825), ((118, 128), 0, 62.22539674441618, 188, 62.22539674441618), ((119, 128), 0, 61.5223536610881, 189, 61.5223536610881), ((120, 128), 0, 60.8276253029822, 190, 60.8276253029822), ((120, 129), 0, 60.108235708594876, 191, 60.108235708594876), ((121, 129), 0, 59.413803110051795, 192, 59.413803110051795), ((121, 130), 0, 58.69412236331676, 193, 58.69412236331676), ((121, 131), 0, 57.982756057296896, 194, 57.982756057296896), ((122, 131), 0, 57.28001396647874, 195, 57.28001396647874), ((122, 132), 0, 56.568542494923804, 196, 56.568542494923804), ((122, 133), 0, 55.86591089385369, 197, 55.86591089385369), ((123, 133), 0, 55.154328932550705, 198, 55.154328932550705), ((123, 134), 0, 54.45181356024793, 199, 54.45181356024793), ((123, 135), 0, 53.75872022286245, 200, 53.75872022286245), ((124, 135), 0, 53.03772242470448, 201, 53.03772242470448), ((125, 135), 0, 52.32590180780452, 202, 52.32590180780452), ((126, 135), 0, 51.62363799656123, 203, 51.62363799656123), ((126, 136), 0, 50.91168824543142, 204, 50.91168824543142), ((126, 137), 0, 50.20956084253277, 205, 50.20956084253277), ((127, 137), 0, 49.49747468305833, 206, 49.49747468305833), ((127, 138), 0, 48.79549159502341, 207, 48.79549159502341), ((127, 139), 0, 48.104053883222775, 208, 48.104053883222775), ((128, 139), 0, 47.38143096192854, 209, 47.38143096192854), ((129, 139), 0, 46.66904755831214, 210, 46.66904755831214), ((129, 140), 0, 45.967379738244816, 211, 45.967379738244816), ((130, 140), 0, 45.254833995939045, 212, 45.254833995939045), ((130, 141), 0, 44.553338819890925, 213, 44.553338819890925), ((131, 141), 0, 43.840620433565945, 214, 43.840620433565945), ((131, 142), 0, 43.139309220245984, 215, 43.139309220245984), ((132, 142), 0, 42.42640687119285, 216, 42.42640687119285), ((132, 143), 0, 41.72529209005013, 217, 41.72529209005013), ((133, 143), 0, 41.012193308819754, 218, 41.012193308819754), ((133, 144), 0, 40.311288741492746, 219, 40.311288741492746), ((134, 144), 0, 39.59797974644666, 220, 39.59797974644666), ((134, 145), 0, 38.897300677553446, 221, 38.897300677553446), ((135, 145), 0, 38.18376618407357, 222, 38.18376618407357), ((135, 146), 0, 37.48332962798263, 223, 37.48332962798263), ((136, 146), 0, 36.76955262170047, 224, 36.76955262170047), ((136, 147), 0, 36.069377593742864, 225, 36.069377593742864), ((137, 147), 0, 35.35533905932738, 226, 35.35533905932738), ((137, 148), 0, 34.655446902326915, 227, 34.655446902326915), ((138, 148), 0, 33.94112549695428, 228, 33.94112549695428), ((138, 149), 0, 33.24154027718932, 229, 33.24154027718932), ((139, 149), 0, 32.526911934581186, 230, 32.526911934581186), ((139, 150), 0, 31.827660925679098, 231, 31.827660925679098), ((140, 150), 0, 31.11269837220809, 232, 31.11269837220809), ((140, 151), 0, 30.4138126514911, 233, 30.4138126514911), ((141, 151), 0, 29.698484809834994, 234, 29.698484809834994), ((141, 152), 0, 29.0, 235, 29.0), ((142, 152), 0, 28.284271247461902, 236, 28.284271247461902), ((142, 153), 0, 27.586228448267445, 237, 27.586228448267445), ((143, 153), 0, 26.870057685088806, 238, 26.870057685088806), ((143, 154), 0, 26.1725046566048, 239, 26.1725046566048), ((144, 154), 0, 25.45584412271571, 240, 25.45584412271571), ((144, 155), 0, 24.758836806279895, 241, 24.758836806279895), ((145, 155), 0, 24.041630560342615, 242, 24.041630560342615), ((146, 155), 0, 23.345235059857504, 243, 23.345235059857504), ((146, 156), 0, 22.627416997969522, 244, 22.627416997969522), ((146, 157), 0, 21.93171219946131, 245, 21.93171219946131), ((147, 157), 0, 21.213203435596427, 246, 21.213203435596427), ((147, 158), 0, 20.518284528683193, 247, 20.518284528683193), ((147, 159), 0, 19.849433241279208, 248, 19.849433241279208), ((147, 160), 0, 19.209372712298546, 249, 19.209372712298546), ((148, 160), 0, 18.439088914585774, 250, 18.439088914585774), ((149, 160), 0, 17.69180601295413, 251, 17.69180601295413), ((150, 160), 0, 16.97056274847714, 252, 16.97056274847714), ((150, 161), 0, 16.278820596099706, 253, 16.278820596099706), ((151, 161), 0, 15.556349186104045, 254, 15.556349186104045), ((151, 162), 0, 14.866068747318506, 255, 14.866068747318506), ((151, 163), 0, 14.212670403551895, 256, 14.212670403551895), ((152, 163), 0, 13.45362404707371, 257, 13.45362404707371), ((153, 163), 0, 12.727922061357855, 258, 12.727922061357855), ((153, 164), 0, 12.041594578792296, 259, 12.041594578792296), ((154, 164), 0, 11.313708498984761, 260, 11.313708498984761), ((154, 165), 0, 10.63014581273465, 261, 10.63014581273465), ((155, 165), 0, 9.899494936611665, 262, 9.899494936611665), ((155, 166), 0, 9.219544457292887, 263, 9.219544457292887), ((156, 166), 0, 8.48528137423857, 264, 8.48528137423857), ((156, 167), 0, 7.810249675906654, 265, 7.810249675906654), ((157, 167), 0, 7.0710678118654755, 266, 7.0710678118654755), ((157, 168), 0, 6.4031242374328485, 267, 6.4031242374328485), ((158, 168), 0, 5.656854249492381, 268, 5.656854249492381), ((158, 169), 0, 5.0, 269, 5.0), ((159, 169), 0, 4.242640687119285, 270, 4.242640687119285), ((159, 170), 0, 3.605551275463989, 271, 3.605551275463989), ((160, 170), 0, 2.8284271247461903, 272, 2.8284271247461903), ((160, 171), 0, 2.23606797749979, 273, 2.23606797749979), ((161, 171), 0, 1.4142135623730951, 274, 1.4142135623730951), ((161, 172), 0, 1.0, 275, 1.0), ((162, 172), 2, 0.0, 276, 0.0)]

a_star chebyshev_distance -> Result:
total_distance: 276
time: 1122.40625
checked_cells_no: 23159
memory: 336
path: [((9, 49), 1, 153, 0, 153), ((9, 50), 0, 154, 1, 153), ((10, 50), 0, 154, 2, 152), ((11, 50), 0, 154, 3, 151), ((12, 50), 0, 154, 4, 150), ((13, 50), 0, 154, 5, 149), ((14, 50), 0, 154, 6, 148), ((15, 50), 0, 154, 7, 147), ((16, 50), 0, 154, 8, 146), ((17, 50), 0, 154, 9, 145), ((18, 50), 0, 154, 10, 144), ((19, 50), 0, 154, 11, 143), ((20, 50), 0, 154, 12, 142), ((21, 50), 0, 154, 13, 141), ((22, 50), 0, 154, 14, 140), ((23, 50), 0, 154, 15, 139), ((24, 50), 0, 154, 16, 138), ((25, 50), 0, 154, 17, 137), ((26, 50), 0, 154, 18, 136), ((27, 50), 0, 154, 19, 135), ((28, 50), 0, 154, 20, 134), ((29, 50), 0, 154, 21, 133), ((30, 50), 0, 154, 22, 132), ((31, 50), 0, 154, 23, 131), ((32, 50), 0, 154, 24, 130), ((33, 50), 0, 154, 25, 129), ((34, 50), 0, 154, 26, 128), ((35, 50), 0, 154, 27, 127), ((36, 50), 0, 154, 28, 126), ((37, 50), 0, 154, 29, 125), ((38, 50), 0, 154, 30, 124), ((39, 50), 0, 154, 31, 123), ((40, 50), 0, 154, 32, 122), ((40, 51), 0, 155, 33, 122), ((41, 51), 0, 155, 34, 121), ((42, 51), 0, 156, 35, 121), ((42, 52), 0, 156, 36, 120), ((42, 53), 0, 157, 37, 120), ((43, 53), 0, 157, 38, 119), ((43, 54), 0, 158, 39, 119), ((44, 54), 0, 158, 40, 118), ((44, 55), 0, 159, 41, 118), ((45, 55), 0, 159, 42, 117), ((45, 56), 0, 160, 43, 117), ((46, 56), 0, 160, 44, 116), ((46, 57), 0, 161, 45, 116), ((47, 57), 0, 161, 46, 115), ((47, 58), 0, 162, 47, 115), ((48, 58), 0, 162, 48, 114), ((48, 59), 0, 163, 49, 114), ((49, 59), 0, 163, 50, 113), ((49, 60), 0, 164, 51, 113), ((50, 60), 0, 164, 52, 112), ((50, 61), 0, 165, 53, 112), ((51, 61), 0, 165, 54, 111), ((52, 61), 0, 166, 55, 111), ((52, 62), 0, 166, 56, 110), ((52, 63), 0, 167, 57, 110), ((53, 63), 0, 167, 58, 109), ((53, 64), 0, 168, 59, 109), ((54, 64), 0, 168, 60, 108), ((54, 65), 0, 169, 61, 108), ((55, 65), 0, 169, 62, 107), ((55, 66), 0, 170, 63, 107), ((56, 66), 0, 170, 64, 106), ((56, 67), 0, 171, 65, 106), ((57, 67), 0, 171, 66, 105), ((57, 68), 0, 172, 67, 105), ((58, 68), 0, 172, 68, 104), ((58, 69), 0, 173, 69, 104), ((59, 69), 0, 173, 70, 103), ((59, 70), 0, 174, 71, 103), ((60, 70), 0, 174, 72, 102), ((60, 71), 0, 175, 73, 102), ((60, 72), 0, 176, 74, 102), ((61, 72), 0, 176, 75, 101), ((61, 73), 0, 177, 76, 101), ((61, 74), 0, 178, 77, 101), ((61, 75), 0, 179, 78, 101), ((61, 76), 0, 180, 79, 101), ((61, 77), 0, 181, 80, 101), ((62, 77), 0, 181, 81, 100), ((63, 77), 0, 181, 82, 99), ((64, 77), 0, 181, 83, 98), ((65, 77), 0, 181, 84, 97), ((66, 77), 0, 181, 85, 96), ((67, 77), 0, 181, 86, 95), ((67, 78), 0, 182, 87, 95), ((68, 78), 0, 182, 88, 94), ((68, 79), 0, 183, 89, 94), ((69, 79), 0, 183, 90, 93), ((70, 79), 0, 184, 91, 93), ((71, 79), 0, 185, 92, 93), ((72, 79), 0, 186, 93, 93), ((73, 79), 0, 187, 94, 93), ((73, 80), 0, 187, 95, 92), ((73, 81), 0, 187, 96, 91), ((73, 82), 0, 187, 97, 90), ((73, 83), 0, 187, 98, 89), ((73, 84), 0, 188, 99, 89), ((74, 84), 0, 188, 100, 88), ((74, 85), 0, 189, 101, 88), ((75, 85), 0, 189, 102, 87), ((75, 86), 0, 190, 103, 87), ((76, 86), 0, 190, 104, 86), ((76, 87), 0, 191, 105, 86), ((76, 88), 0, 192, 106, 86), ((76, 89), 0, 193, 107, 86), ((76, 90), 0, 194, 108, 86), ((77, 90), 0, 194, 109, 85), ((78, 90), 0, 194, 110, 84), ((79, 90), 0, 194, 111, 83), ((80, 90), 0, 194, 112, 82), ((80, 91), 0, 195, 113, 82), ((81, 91), 0, 195, 114, 81), ((81, 92), 0, 196, 115, 81), ((82, 92), 0, 196, 116, 80), ((82, 93), 0, 197, 117, 80), ((82, 94), 0, 198, 118, 80), ((83, 94), 0, 198, 119, 79), ((84, 94), 0, 198, 120, 78), ((84, 95), 0, 199, 121, 78), ((85, 95), 0, 199, 122, 77), ((86, 95), 0, 200, 123, 77), ((86, 96), 0, 200, 124, 76), ((86, 97), 0, 201, 125, 76), ((87, 97), 0, 201, 126, 75), ((87, 98), 0, 202, 127, 75), ((88, 98), 0, 202, 128, 74), ((88, 99), 0, 203, 129, 74), ((89, 99), 0, 203, 130, 73), ((89, 100), 0, 204, 131, 73), ((90, 100), 0, 204, 132, 72), ((90, 101), 0, 205, 133, 72), ((91, 101), 0, 205, 134, 71), ((91, 102), 0, 206, 135, 71), ((92, 102), 0, 206, 136, 70), ((92, 103), 0, 207, 137, 70), ((93, 103), 0, 207, 138, 69), ((93, 104), 0, 208, 139, 69), ((94, 104), 0, 208, 140, 68), ((94, 105), 0, 209, 141, 68), ((95, 105), 0, 209, 142, 67), ((95, 106), 0, 210, 143, 67), ((96, 106), 0, 210, 144, 66), ((96, 107), 0, 211, 145, 66), ((97, 107), 0, 211, 146, 65), ((97, 108), 0, 212, 147, 65), ((97, 109), 0, 213, 148, 65), ((98, 109), 0, 213, 149, 64), ((98, 110), 0, 214, 150, 64), ((99, 110), 0, 214, 151, 63), ((100, 110), 0, 214, 152, 62), ((100, 111), 0, 215, 153, 62), ((101, 111), 0, 215, 154, 61), ((101, 112), 0, 216, 155, 61), ((102, 112), 0, 216, 156, 60), ((102, 113), 0, 217, 157, 60), ((103, 113), 0, 217, 158, 59), ((103, 114), 0, 218, 159, 59), ((104, 114), 0, 218, 160, 58), ((104, 115), 0, 219, 161, 58), ((105, 115), 0, 219, 162, 57), ((105, 116), 0, 220, 163, 57), ((106, 116), 0, 220, 164, 56), ((106, 117), 0, 221, 165, 56), ((107, 117), 0, 221, 166, 55), ((107, 118), 0, 222, 167, 55), ((108, 118), 0, 222, 168, 54), ((108, 119), 0, 223, 169, 54), ((109, 119), 0, 223, 170, 53), ((109, 120), 0, 224, 171, 53), ((110, 120), 0, 224, 172, 52), ((110, 121), 0, 225, 173, 52), ((111, 121), 0, 225, 174, 51), ((111, 122), 0, 226, 175, 51), ((112, 122), 0, 226, 176, 50), ((112, 123), 0, 227, 177, 50), ((113, 123), 0, 227, 178, 49), ((113, 124), 0, 228, 179, 49), ((114, 124), 0, 228, 180, 48), ((114, 125), 0, 229, 181, 48), ((115, 125), 0, 229, 182, 47), ((115, 126), 0, 230, 183, 47), ((116, 126), 0, 230, 184, 46), ((116, 127), 0, 231, 185, 46), ((116, 128), 0, 232, 186, 46), ((117, 128), 0, 232, 187, 45), ((117, 129), 0, 233, 188, 45), ((117, 130), 0, 234, 189, 45), ((117, 131), 0, 235, 190, 45), ((118, 131), 0, 235, 191, 44), ((119, 131), 0, 235, 192, 43), ((120, 131), 0, 235, 193, 42), ((121, 131), 0, 235, 194, 41), ((122, 131), 0, 236, 195, 41), ((122, 132), 0, 236, 196, 40), ((122, 133), 0, 237, 197, 40), ((123, 133), 0, 237, 198, 39), ((123, 134), 0, 238, 199, 39), ((123, 135), 0, 239, 200, 39), ((124, 135), 0, 239, 201, 38), ((125, 135), 0, 239, 202, 37), ((126, 135), 0, 240, 203, 37), ((126, 136), 0, 240, 204, 36), ((126, 137), 0, 241, 205, 36), ((127, 137), 0, 241, 206, 35), ((127, 138), 0, 242, 207, 35), ((127, 139), 0, 243, 208, 35), ((128, 139), 0, 243, 209, 34), ((129, 139), 0, 243, 210, 33), ((129, 140), 0, 244, 211, 33), ((130, 140), 0, 244, 212, 32), ((130, 141), 0, 245, 213, 32), ((131, 141), 0, 245, 214, 31), ((131, 142), 0, 246, 215, 31), ((132, 142), 0, 246, 216, 30), ((132, 143), 0, 247, 217, 30), ((133, 143), 0, 247, 218, 29), ((133, 144), 0, 248, 219, 29), ((134, 144), 0, 248, 220, 28), ((134, 145), 0, 249, 221, 28), ((135, 145), 0, 249, 222, 27), ((135, 146), 0, 250, 223, 27), ((136, 146), 0, 250, 224, 26), ((136, 147), 0, 251, 225, 26), ((137, 147), 0, 251, 226, 25), ((137, 148), 0, 252, 227, 25), ((138, 148), 0, 252, 228, 24), ((138, 149), 0, 253, 229, 24), ((139, 149), 0, 253, 230, 23), ((139, 150), 0, 254, 231, 23), ((140, 150), 0, 254, 232, 22), ((140, 151), 0, 255, 233, 22), ((141, 151), 0, 255, 234, 21), ((141, 152), 0, 256, 235, 21), ((142, 152), 0, 256, 236, 20), ((142, 153), 0, 257, 237, 20), ((143, 153), 0, 257, 238, 19), ((143, 154), 0, 258, 239, 19), ((144, 154), 0, 258, 240, 18), ((144, 155), 0, 259, 241, 18), ((145, 155), 0, 259, 242, 17), ((146, 155), 0, 260, 243, 17), ((146, 156), 0, 260, 244, 16), ((146, 157), 0, 261, 245, 16), ((147, 157), 0, 261, 246, 15), ((147, 158), 0, 262, 247, 15), ((147, 159), 0, 263, 248, 15), ((147, 160), 0, 264, 249, 15), ((148, 160), 0, 264, 250, 14), ((149, 160), 0, 264, 251, 13), ((150, 160), 0, 264, 252, 12), ((150, 161), 0, 265, 253, 12), ((151, 161), 0, 265, 254, 11), ((151, 162), 0, 266, 255, 11), ((151, 163), 0, 267, 256, 11), ((152, 163), 0, 267, 257, 10), ((153, 163), 0, 267, 258, 9), ((153, 164), 0, 268, 259, 9), ((154, 164), 0, 268, 260, 8), ((154, 165), 0, 269, 261, 8), ((155, 165), 0, 269, 262, 7), ((155, 166), 0, 270, 263, 7), ((156, 166), 0, 270, 264, 6), ((156, 167), 0, 271, 265, 6), ((157, 167), 0, 271, 266, 5), ((157, 168), 0, 272, 267, 5), ((158, 168), 0, 272, 268, 4), ((158, 169), 0, 273, 269, 4), ((159, 169), 0, 273, 270, 3), ((159, 170), 0, 274, 271, 3), ((160, 170), 0, 274, 272, 2), ((160, 171), 0, 275, 273, 2), ((161, 171), 0, 275, 274, 1), ((161, 172), 0, 276, 275, 1), ((162, 172), 2, 276, 276, 0)]

a_star manhattan_distance -> Result:
total_distance: 276
time: 724.265625
checked_cells_no: 16123
memory: 639
path: [((9, 49), 1, 276, 0, 276), ((9, 50), 0, 276, 1, 275), ((9, 51), 0, 276, 2, 274), ((10, 51), 0, 276, 3, 273), ((10, 52), 0, 276, 4, 272), ((10, 53), 0, 276, 5, 271), ((10, 54), 0, 276, 6, 270), ((10, 55), 0, 276, 7, 269), ((10, 56), 0, 276, 8, 268), ((10, 57), 0, 276, 9, 267), ((10, 58), 0, 276, 10, 266), ((10, 59), 0, 276, 11, 265), ((10, 60), 0, 276, 12, 264), ((10, 61), 0, 276, 13, 263), ((10, 62), 0, 276, 14, 262), ((10, 63), 0, 276, 15, 261), ((10, 64), 0, 276, 16, 260), ((10, 65), 0, 276, 17, 259), ((10, 66), 0, 276, 18, 258), ((10, 67), 0, 276, 19, 257), ((10, 68), 0, 276, 20, 256), ((10, 69), 0, 276, 21, 255), ((10, 70), 0, 276, 22, 254), ((10, 71), 0, 276, 23, 253), ((10, 72), 0, 276, 24, 252), ((10, 73), 0, 276, 25, 251), ((10, 74), 0, 276, 26, 250), ((10, 75), 0, 276, 27, 249), ((10, 76), 0, 276, 28, 248), ((10, 77), 0, 276, 29, 247), ((10, 78), 0, 276, 30, 246), ((10, 79), 0, 276, 31, 245), ((10, 80), 0, 276, 32, 244), ((10, 81), 0, 276, 33, 243), ((11, 81), 0, 276, 34, 242), ((11, 82), 0, 276, 35, 241), ((11, 83), 0, 276, 36, 240), ((11, 84), 0, 276, 37, 239), ((11, 85), 0, 276, 38, 238), ((11, 86), 0, 276, 39, 237), ((11, 87), 0, 276, 40, 236), ((12, 87), 0, 276, 41, 235), ((13, 87), 0, 276, 42, 234), ((13, 88), 0, 276, 43, 233), ((13, 89), 0, 276, 44, 232), ((13, 90), 0, 276, 45, 231), ((13, 91), 0, 276, 46, 230), ((13, 92), 0, 276, 47, 229), ((13, 93), 0, 276, 48, 228), ((13, 94), 0, 276, 49, 227), ((13, 95), 0, 276, 50, 226), ((13, 96), 0, 276, 51, 225), ((13, 97), 0, 276, 52, 224), ((13, 98), 0, 276, 53, 223), ((13, 99), 0, 276, 54, 222), ((13, 100), 0, 276, 55, 221), ((13, 101), 0, 276, 56, 220), ((13, 102), 0, 276, 57, 219), ((13, 103), 0, 276, 58, 218), ((13, 104), 0, 276, 59, 217), ((13, 105), 0, 276, 60, 216), ((13, 106), 0, 276, 61, 215), ((13, 107), 0, 276, 62, 214), ((13, 108), 0, 276, 63, 213), ((13, 109), 0, 276, 64, 212), ((13, 110), 0, 276, 65, 211), ((13, 111), 0, 276, 66, 210), ((13, 112), 0, 276, 67, 209), ((13, 113), 0, 276, 68, 208), ((14, 113), 0, 276, 69, 207), ((14, 114), 0, 276, 70, 206), ((14, 115), 0, 276, 71, 205), ((14, 116), 0, 276, 72, 204), ((14, 117), 0, 276, 73, 203), ((14, 118), 0, 276, 74, 202), ((14, 119), 0, 276, 75, 201), ((14, 120), 0, 276, 76, 200), ((14, 121), 0, 276, 77, 199), ((14, 122), 0, 276, 78, 198), ((14, 123), 0, 276, 79, 197), ((14, 124), 0, 276, 80, 196), ((14, 125), 0, 276, 81, 195), ((14, 126), 0, 276, 82, 194), ((14, 127), 0, 276, 83, 193), ((14, 128), 0, 276, 84, 192), ((14, 129), 0, 276, 85, 191), ((14, 130), 0, 276, 86, 190), ((14, 131), 0, 276, 87, 189), ((15, 131), 0, 276, 88, 188), ((16, 131), 0, 276, 89, 187), ((16, 132), 0, 276, 90, 186), ((16, 133), 0, 276, 91, 185), ((16, 134), 0, 276, 92, 184), ((16, 135), 0, 276, 93, 183), ((16, 136), 0, 276, 94, 182), ((16, 137), 0, 276, 95, 181), ((16, 138), 0, 276, 96, 180), ((16, 139), 0, 276, 97, 179), ((16, 140), 0, 276, 98, 178), ((16, 141), 0, 276, 99, 177), ((16, 142), 0, 276, 100, 176), ((16, 143), 0, 276, 101, 175), ((16, 144), 0, 276, 102, 174), ((17, 144), 0, 276, 103, 173), ((17, 145), 0, 276, 104, 172), ((17, 146), 0, 276, 105, 171), ((17, 147), 0, 276, 106, 170), ((17, 148), 0, 276, 107, 169), ((17, 149), 0, 276, 108, 168), ((18, 149), 0, 276, 109, 167), ((19, 149), 0, 276, 110, 166), ((20, 149), 0, 276, 111, 165), ((21, 149), 0, 276, 112, 164), ((22, 149), 0, 276, 113, 163), ((22, 150), 0, 276, 114, 162), ((23, 150), 0, 276, 115, 161), ((24, 150), 0, 276, 116, 160), ((25, 150), 0, 276, 117, 159), ((26, 150), 0, 276, 118, 158), ((27, 150), 0, 276, 119, 157), ((28, 150), 0, 276, 120, 156), ((29, 150), 0, 276, 121, 155), ((30, 150), 0, 276, 122, 154), ((31, 150), 0, 276, 123, 153), ((32, 150), 0, 276, 124, 152), ((33, 150), 0, 276, 125, 151), ((34, 150), 0, 276, 126, 150), ((35, 150), 0, 276, 127, 149), ((35, 151), 0, 276, 128, 148), ((35, 152), 0, 276, 129, 147), ((36, 152), 0, 276, 130, 146), ((37, 152), 0, 276, 131, 145), ((38, 152), 0, 276, 132, 144), ((39, 152), 0, 276, 133, 143), ((39, 153), 0, 276, 134, 142), ((40, 153), 0, 276, 135, 141), ((41, 153), 0, 276, 136, 140), ((41, 154), 0, 276, 137, 139), ((42, 154), 0, 276, 138, 138), ((43, 154), 0, 276, 139, 137), ((44, 154), 0, 276, 140, 136), ((45, 154), 0, 276, 141, 135), ((46, 154), 0, 276, 142, 134), ((47, 154), 0, 276, 143, 133), ((48, 154), 0, 276, 144, 132), ((49, 154), 0, 276, 145, 131), ((50, 154), 0, 276, 146, 130), ((51, 154), 0, 276, 147, 129), ((51, 155), 0, 276, 148, 128), ((52, 155), 0, 276, 149, 127), ((53, 155), 0, 276, 150, 126), ((54, 155), 0, 276, 151, 125), ((54, 156), 0, 276, 152, 124), ((55, 156), 0, 276, 153, 123), ((56, 156), 0, 276, 154, 122), ((56, 157), 0, 276, 155, 121), ((57, 157), 0, 276, 156, 120), ((58, 157), 0, 276, 157, 119), ((59, 157), 0, 276, 158, 118), ((60, 157), 0, 276, 159, 117), ((61, 157), 0, 276, 160, 116), ((62, 157), 0, 276, 161, 115), ((63, 157), 0, 276, 162, 114), ((64, 157), 0, 276, 163, 113), ((65, 157), 0, 276, 164, 112), ((66, 157), 0, 276, 165, 111), ((67, 157), 0, 276, 166, 110), ((68, 157), 0, 276, 167, 109), ((69, 157), 0, 276, 168, 108), ((70, 157), 0, 276, 169, 107), ((70, 158), 0, 276, 170, 106), ((71, 158), 0, 276, 171, 105), ((72, 158), 0, 276, 172, 104), ((73, 158), 0, 276, 173, 103), ((74, 158), 0, 276, 174, 102), ((75, 158), 0, 276, 175, 101), ((76, 158), 0, 276, 176, 100), ((77, 158), 0, 276, 177, 99), ((78, 158), 0, 276, 178, 98), ((79, 158), 0, 276, 179, 97), ((80, 158), 0, 276, 180, 96), ((81, 158), 0, 276, 181, 95), ((82, 158), 0, 276, 182, 94), ((83, 158), 0, 276, 183, 93), ((83, 159), 0, 276, 184, 92), ((84, 159), 0, 276, 185, 91), ((85, 159), 0, 276, 186, 90), ((86, 159), 0, 276, 187, 89), ((86, 160), 0, 276, 188, 88), ((87, 160), 0, 276, 189, 87), ((88, 160), 0, 276, 190, 86), ((89, 160), 0, 276, 191, 85), ((90, 160), 0, 276, 192, 84), ((91, 160), 0, 276, 193, 83), ((92, 160), 0, 276, 194, 82), ((93, 160), 0, 276, 195, 81), ((94, 160), 0, 276, 196, 80), ((95, 160), 0, 276, 197, 79), ((96, 160), 0, 276, 198, 78), ((97, 160), 0, 276, 199, 77), ((97, 161), 0, 276, 200, 76), ((98, 161), 0, 276, 201, 75), ((99, 161), 0, 276, 202, 74), ((100, 161), 0, 276, 203, 73), ((101, 161), 0, 276, 204, 72), ((102, 161), 0, 276, 205, 71), ((103, 161), 0, 276, 206, 70), ((104, 161), 0, 276, 207, 69), ((105, 161), 0, 276, 208, 68), ((106, 161), 0, 276, 209, 67), ((107, 161), 0, 276, 210, 66), ((108, 161), 0, 276, 211, 65), ((109, 161), 0, 276, 212, 64), ((110, 161), 0, 276, 213, 63), ((110, 162), 0, 276, 214, 62), ((110, 163), 0, 276, 215, 61), ((111, 163), 0, 276, 216, 60), ((112, 163), 0, 276, 217, 59), ((113, 163), 0, 276, 218, 58), ((114, 163), 0, 276, 219, 57), ((115, 163), 0, 276, 220, 56), ((116, 163), 0, 276, 221, 55), ((117, 163), 0, 276, 222, 54), ((118, 163), 0, 276, 223, 53), ((119, 163), 0, 276, 224, 52), ((120, 163), 0, 276, 225, 51), ((121, 163), 0, 276, 226, 50), ((122, 163), 0, 276, 227, 49), ((123, 163), 0, 276, 228, 48), ((123, 164), 0, 276, 229, 47), ((123, 165), 0, 276, 230, 46), ((124, 165), 0, 276, 231, 45), ((125, 165), 0, 276, 232, 44), ((125, 166), 0, 276, 233, 43), ((126, 166), 0, 276, 234, 42), ((127, 166), 0, 276, 235, 41), ((127, 167), 0, 276, 236, 40), ((128, 167), 0, 276, 237, 39), ((129, 167), 0, 276, 238, 38), ((130, 167), 0, 276, 239, 37), ((131, 167), 0, 276, 240, 36), ((132, 167), 0, 276, 241, 35), ((133, 167), 0, 276, 242, 34), ((133, 168), 0, 276, 243, 33), ((134, 168), 0, 276, 244, 32), ((134, 169), 0, 276, 245, 31), ((135, 169), 0, 276, 246, 30), ((136, 169), 0, 276, 247, 29), ((137, 169), 0, 276, 248, 28), ((138, 169), 0, 276, 249, 27), ((139, 169), 0, 276, 250, 26), ((140, 169), 0, 276, 251, 25), ((141, 169), 0, 276, 252, 24), ((142, 169), 0, 276, 253, 23), ((143, 169), 0, 276, 254, 22), ((144, 169), 0, 276, 255, 21), ((145, 169), 0, 276, 256, 20), ((146, 169), 0, 276, 257, 19), ((147, 169), 0, 276, 258, 18), ((148, 169), 0, 276, 259, 17), ((149, 169), 0, 276, 260, 16), ((150, 169), 0, 276, 261, 15), ((151, 169), 0, 276, 262, 14), ((152, 169), 0, 276, 263, 13), ((153, 169), 0, 276, 264, 12), ((154, 169), 0, 276, 265, 11), ((154, 170), 0, 276, 266, 10), ((155, 170), 0, 276, 267, 9), ((156, 170), 0, 276, 268, 8), ((156, 171), 0, 276, 269, 7), ((156, 172), 0, 276, 270, 6), ((157, 172), 0, 276, 271, 5), ((158, 172), 0, 276, 272, 4), ((159, 172), 0, 276, 273, 3), ((160, 172), 0, 276, 274, 2), ((161, 172), 0, 276, 275, 1), ((162, 172), 2, 276, 276, 0)]

a_star euclidean_distance -> Result:
total_distance: 276
time: 1012.609375
checked_cells_no: 22226
memory: 386
path: [((9, 49), 1, 196.31097778779463, 0, 196.31097778779463), ((9, 50), 0, 196.68597292601225, 1, 195.68597292601225), ((10, 50), 0, 196.90510511528424, 2, 194.90510511528424), ((11, 50), 0, 197.12624758130983, 3, 194.12624758130983), ((12, 50), 0, 197.34942461771124, 4, 193.34942461771124), ((13, 50), 0, 197.57466084612483, 5, 192.57466084612483), ((14, 50), 0, 197.80198122021577, 6, 191.80198122021577), ((15, 50), 0, 198.03141102970474, 7, 191.03141102970474), ((16, 50), 0, 198.26297590440447, 8, 190.26297590440447), ((17, 50), 0, 198.49670181826386, 9, 189.49670181826386), ((18, 50), 0, 198.73261509341728, 10, 188.73261509341728), ((19, 50), 0, 198.97074240423694, 11, 187.97074240423694), ((20, 50), 0, 199.21111078138497, 12, 187.21111078138497), ((21, 50), 0, 199.45374761586316, 13, 186.45374761586316), ((22, 50), 0, 199.69868066305693, 14, 185.69868066305693), ((23, 50), 0, 199.94593804677083, 15, 184.94593804677083), ((24, 50), 0, 200.19554826325202, 16, 184.19554826325202), ((25, 50), 0, 200.44754018519845, 17, 183.44754018519845), ((26, 50), 0, 200.70194306574848, 18, 182.70194306574848), ((27, 50), 0, 200.95878654244757, 19, 181.95878654244757), ((28, 50), 0, 201.2181006411887, 20, 181.2181006411887), ((29, 50), 0, 201.47991578012218, 21, 180.47991578012218), ((30, 50), 0, 201.74426277353055, 22, 179.74426277353055), ((31, 50), 0, 202.0111728356641, 23, 179.0111728356641), ((32, 50), 0, 202.2806775845324, 24, 178.2806775845324), ((33, 50), 0, 202.55280904564702, 25, 177.55280904564702), ((34, 50), 0, 202.82759965570986, 26, 176.82759965570986), ((35, 50), 0, 203.1050822662424, 27, 176.1050822662424), ((36, 50), 0, 203.38529014715002, 28, 175.38529014715002), ((37, 50), 0, 203.6682569902156, 29, 174.6682569902156), ((38, 50), 0, 203.95401691251627, 30, 173.95401691251627), ((39, 50), 0, 204.24260445975753, 31, 173.24260445975753), ((40, 50), 0, 204.5340546095176, 32, 172.5340546095176), ((40, 51), 0, 204.82840277439584, 33, 171.82840277439584), ((41, 51), 0, 205.1198410471445, 34, 171.1198410471445), ((42, 51), 0, 205.41420128616042, 35, 170.41420128616042), ((42, 52), 0, 205.7056274847714, 36, 169.7056274847714), ((42, 53), 0, 206.0, 37, 169.0), ((43, 53), 0, 206.2914139223983, 38, 168.2914139223983), ((43, 54), 0, 206.5857989210303, 39, 167.5857989210303), ((44, 54), 0, 206.87720036002523, 40, 166.87720036002523), ((44, 55), 0, 207.1715980545412, 41, 166.1715980545412), ((45, 55), 0, 207.46298679765212, 42, 165.46298679765212), ((45, 56), 0, 207.7573974060042, 43, 164.7573974060042), ((46, 56), 0, 208.04877323527901, 44, 164.04877323527901), ((46, 57), 0, 208.3431969810803, 45, 163.3431969810803), ((47, 57), 0, 208.63455967290594, 46, 162.63455967290594), ((47, 58), 0, 208.92899678562824, 47, 161.92899678562824), ((48, 58), 0, 209.22034611053283, 48, 161.22034611053283), ((48, 59), 0, 209.51479682571323, 49, 160.51479682571323), ((49, 59), 0, 209.80613254815975, 50, 159.80613254815975), ((49, 60), 0, 210.10059710761615, 51, 159.10059710761615), ((50, 60), 0, 210.39191898578665, 52, 158.39191898578665), ((50, 61), 0, 210.68639763784319, 53, 157.68639763784319), ((51, 61), 0, 210.97770542341354, 54, 156.97770542341354), ((52, 61), 0, 211.27219842313605, 55, 156.27219842313605), ((52, 62), 0, 211.56349186104046, 56, 155.56349186104046), ((52, 63), 0, 211.85799947048264, 57, 154.85799947048264), ((53, 63), 0, 212.14927829866735, 58, 154.14927829866735), ((53, 64), 0, 212.44380078712857, 59, 153.44380078712857), ((54, 64), 0, 212.73506473629428, 60, 152.73506473629428), ((54, 65), 0, 213.029602380589, 61, 152.029602380589), ((55, 65), 0, 213.32085117392117, 62, 151.32085117392117), ((55, 66), 0, 213.6154042586614, 63, 150.6154042586614), ((56, 66), 0, 213.90663761154806, 64, 149.90663761154806), ((56, 67), 0, 214.20120642943877, 65, 149.20120642943877), ((57, 67), 0, 214.49242404917499, 66, 148.49242404917499), ((57, 68), 0, 214.78700890132393, 67, 147.78700890132393), ((58, 68), 0, 215.07821048680188, 68, 147.07821048680188), ((58, 69), 0, 215.37281168304446, 69, 146.37281168304446), ((59, 69), 0, 215.6639969244288, 70, 145.6639969244288), ((59, 70), 0, 215.9586147836685, 71, 144.9586147836685), ((60, 70), 0, 216.2497833620557, 72, 144.2497833620557), ((60, 71), 0, 216.54441821262157, 73, 143.54441821262157), ((60, 72), 0, 216.84257068535277, 74, 142.84257068535277), ((61, 72), 0, 217.13022197970423, 75, 142.13022197970423), ((61, 73), 0, 217.42842712835352, 76, 141.42842712835352), ((61, 74), 0, 217.73023839957068, 77, 140.73023839957068), ((61, 75), 0, 218.03570973148243, 78, 140.03570973148243), ((61, 76), 0, 218.34489585198304, 79, 139.34489585198304), ((61, 77), 0, 218.6578522839583, 80, 138.6578522839583), ((62, 77), 0, 218.93114224133723, 81, 137.93114224133723), ((63, 77), 0, 219.20787149431334, 82, 137.20787149431334), ((64, 77), 0, 219.48809471891678, 83, 136.48809471891678), ((65, 77), 0, 219.77186748365804, 84, 135.77186748365804), ((66, 77), 0, 220.05924625881784, 85, 135.05924625881784), ((67, 77), 0, 220.35028842544403, 86, 134.35028842544403), ((67, 78), 0, 220.64505228402584, 87, 133.64505228402584), ((68, 78), 0, 220.93607486307093, 88, 132.93607486307093), ((68, 79), 0, 221.23085872821065, 89, 132.23085872821065), ((69, 79), 0, 221.52186130069785, 90, 131.52186130069785), ((70, 79), 0, 221.8166656049603, 91, 130.8166656049603), ((71, 79), 0, 222.11533345459327, 92, 130.11533345459327), ((72, 79), 0, 222.41792766073794, 93, 129.41792766073794), ((73, 79), 0, 222.7245120402482, 94, 128.7245120402482), ((73, 80), 0, 223.00390619039717, 95, 128.00390619039717), ((73, 81), 0, 223.28707711311466, 96, 127.28707711311466), ((73, 82), 0, 223.57408897558773, 97, 126.57408897558773), ((73, 83), 0, 223.86500705120545, 98, 125.86500705120545), ((73, 84), 0, 224.15989773086267, 99, 125.15989773086265), ((74, 84), 0, 224.45079348883235, 100, 124.45079348883236), ((74, 85), 0, 224.74570699624292, 101, 123.7457069962429), ((75, 85), 0, 225.03657992645927, 102, 123.03657992645927), ((75, 86), 0, 225.3315167894194, 103, 122.3315167894194), ((76, 86), 0, 225.6223663640862, 104, 121.62236636408618), ((76, 87), 0, 225.9173271289107, 105, 120.91732712891069), ((76, 88), 0, 226.21647141718975, 106, 120.21647141718975), ((76, 89), 0, 226.5198728245642, 107, 119.5198728245642), ((76, 90), 0, 226.82760622010358, 108, 118.82760622010359), ((77, 90), 0, 227.1058846967415, 109, 118.10588469674151), ((78, 90), 0, 227.3882447266335, 110, 117.38824472663352), ((79, 90), 0, 227.6747616239262, 111, 116.67476162392619), ((80, 90), 0, 227.9655121145938, 112, 115.96551211459379), ((80, 91), 0, 228.26057435220423, 113, 115.26057435220423), ((81, 91), 0, 228.55129855222071, 114, 114.5512985522207), ((81, 92), 0, 228.84638773364748, 115, 113.84638773364749), ((82, 92), 0, 229.1370849898476, 116, 113.13708498984761), ((82, 93), 0, 229.43220179290273, 117, 112.43220179290273), ((82, 94), 0, 229.73182178770736, 118, 111.73182178770737), ((83, 94), 0, 230.01801655587258, 119, 111.01801655587259), ((84, 94), 0, 230.3086578651014, 120, 110.30865786510141), ((84, 95), 0, 230.6038320497965, 121, 109.60383204979651), ((85, 95), 0, 230.89444430272832, 122, 108.89444430272832), ((86, 95), 0, 231.18964830333815, 123, 108.18964830333815), ((86, 96), 0, 231.48023074035524, 124, 107.48023074035522), ((86, 97), 0, 231.7754653466797, 125, 106.77546534667971), ((87, 97), 0, 232.06601717798213, 126, 106.06601717798213), ((87, 98), 0, 232.3612832116238, 127, 105.3612832116238), ((88, 98), 0, 232.65180361560903, 128, 104.65180361560904), ((88, 99), 0, 232.94710193170368, 129, 103.9471019317037), ((89, 99), 0, 233.23759005323592, 130, 103.23759005323593), ((89, 100), 0, 233.5329215423027, 131, 102.53292154230269), ((90, 100), 0, 233.82337649086284, 132, 101.82337649086284), ((90, 101), 0, 234.11874208078342, 133, 101.11874208078342), ((91, 101), 0, 234.40916292848976, 134, 100.40916292848975), ((91, 102), 0, 234.70456358662827, 135, 99.70456358662827), ((92, 102), 0, 234.99494936611666, 136, 98.99494936611666), ((92, 103), 0, 235.29038610159185, 137, 98.29038610159185), ((93, 103), 0, 235.58073580374355, 138, 97.58073580374356), ((93, 104), 0, 235.87620966986685, 139, 96.87620966986684), ((94, 104), 0, 236.16652224137044, 140, 96.16652224137046), ((94, 105), 0, 236.46203433826454, 141, 95.46203433826454), ((95, 105), 0, 236.75230867899737, 142, 94.75230867899737), ((95, 106), 0, 237.04786015641184, 143, 94.04786015641186), ((96, 106), 0, 237.3380951166243, 144, 93.33809511662427), ((96, 107), 0, 237.63368717696602, 145, 92.63368717696602), ((97, 107), 0, 237.92388155425118, 146, 91.92388155425118), ((97, 108), 0, 238.2195154558497, 147, 91.21951545584969), ((97, 109), 0, 238.52071586106683, 148, 90.52071586106685), ((98, 109), 0, 238.80534505250787, 149, 89.80534505250787), ((98, 110), 0, 239.10667763978185, 150, 89.10667763978185), ((99, 110), 0, 239.3911760301898, 151, 88.3911760301898), ((100, 110), 0, 239.6812408671319, 152, 87.68124086713189), ((100, 111), 0, 239.97700845625815, 153, 86.97700845625813), ((101, 111), 0, 240.2670273047588, 154, 86.2670273047588), ((101, 112), 0, 240.56284240252893, 155, 85.56284240252891), ((102, 112), 0, 240.8528137423857, 156, 84.8528137423857), ((102, 113), 0, 241.14867794564572, 157, 84.1486779456457), ((103, 113), 0, 241.4386001800126, 158, 83.43860018001261), ((103, 114), 0, 241.73451516749222, 159, 82.73451516749222), ((104, 114), 0, 242.0243866176395, 160, 82.02438661763951), ((104, 115), 0, 242.3203541556479, 161, 81.32035415564789), ((105, 115), 0, 242.61017305526642, 162, 80.61017305526642), ((105, 116), 0, 242.90619500389192, 163, 79.90619500389191), ((106, 116), 0, 243.19595949289334, 164, 79.19595949289332), ((106, 117), 0, 243.49203781276162, 165, 78.49203781276162), ((107, 117), 0, 243.78174593052023, 166, 77.78174593052023), ((107, 118), 0, 244.07788269017254, 167, 77.07788269017254), ((108, 118), 0, 244.36753236814712, 168, 76.36753236814714), ((108, 119), 0, 244.66372975210777, 169, 75.66372975210778), ((109, 119), 0, 244.95331880577402, 170, 74.95331880577403), ((109, 120), 0, 245.2495791233863, 171, 74.24957912338628), ((110, 120), 0, 245.53910524340094, 172, 73.53910524340094), ((110, 121), 0, 245.83543093852057, 173, 72.83543093852057), ((111, 121), 0, 246.12489168102786, 174, 72.12489168102785), ((111, 122), 0, 246.42128534267638, 175, 71.42128534267638), ((112, 122), 0, 246.71067811865476, 176, 70.71067811865476), ((112, 123), 0, 247.00714249274856, 177, 70.00714249274856), ((113, 123), 0, 247.29646455628165, 178, 69.29646455628166), ((113, 124), 0, 247.59300255857005, 179, 68.59300255857006), ((114, 124), 0, 247.88225099390854, 180, 67.88225099390856), ((114, 125), 0, 248.17886572427375, 181, 67.17886572427373), ((115, 125), 0, 248.46803743153546, 182, 66.46803743153546), ((115, 126), 0, 248.76473218982954, 183, 65.76473218982953), ((116, 126), 0, 249.0538238691624, 184, 65.05382386916237), ((116, 127), 0, 249.35060217278468, 185, 64.35060217278468), ((116, 128), 0, 249.6553218513582, 186, 63.655321851358195), ((117, 128), 0, 249.93647591023824, 187, 62.93647591023825), ((117, 129), 0, 250.24146527838172, 188, 62.24146527838174), ((117, 130), 0, 250.55485358604957, 189, 61.554853586049575), ((117, 131), 0, 250.8769250208977, 190, 60.876925020897694), ((118, 131), 0, 251.14149981501959, 191, 60.14149981501958), ((119, 131), 0, 251.4138031100518, 192, 59.413803110051795), ((120, 131), 0, 251.69412236331675, 193, 58.69412236331676), ((121, 131), 0, 251.9827560572969, 194, 57.982756057296896), ((122, 131), 0, 252.28001396647875, 195, 57.28001396647874), ((122, 132), 0, 252.5685424949238, 196, 56.568542494923804), ((122, 133), 0, 252.86591089385368, 197, 55.86591089385369), ((123, 133), 0, 253.1543289325507, 198, 55.154328932550705), ((123, 134), 0, 253.45181356024793, 199, 54.45181356024793), ((123, 135), 0, 253.75872022286245, 200, 53.75872022286245), ((124, 135), 0, 254.03772242470447, 201, 53.03772242470448), ((125, 135), 0, 254.3259018078045, 202, 52.32590180780452), ((126, 135), 0, 254.62363799656123, 203, 51.62363799656123), ((126, 136), 0, 254.91168824543144, 204, 50.91168824543142), ((126, 137), 0, 255.20956084253277, 205, 50.20956084253277), ((127, 137), 0, 255.49747468305833, 206, 49.49747468305833), ((127, 138), 0, 255.7954915950234, 207, 48.79549159502341), ((127, 139), 0, 256.1040538832228, 208, 48.104053883222775), ((128, 139), 0, 256.3814309619285, 209, 47.38143096192854), ((129, 139), 0, 256.6690475583121, 210, 46.66904755831214), ((129, 140), 0, 256.9673797382448, 211, 45.967379738244816), ((130, 140), 0, 257.25483399593907, 212, 45.254833995939045), ((130, 141), 0, 257.55333881989094, 213, 44.553338819890925), ((131, 141), 0, 257.84062043356596, 214, 43.840620433565945), ((131, 142), 0, 258.139309220246, 215, 43.139309220245984), ((132, 142), 0, 258.42640687119285, 216, 42.42640687119285), ((132, 143), 0, 258.7252920900501, 217, 41.72529209005013), ((133, 143), 0, 259.01219330881975, 218, 41.012193308819754), ((133, 144), 0, 259.3112887414927, 219, 40.311288741492746), ((134, 144), 0, 259.59797974644664, 220, 39.59797974644666), ((134, 145), 0, 259.89730067755346, 221, 38.897300677553446), ((135, 145), 0, 260.1837661840736, 222, 38.18376618407357), ((135, 146), 0, 260.48332962798264, 223, 37.48332962798263), ((136, 146), 0, 260.7695526217005, 224, 36.76955262170047), ((136, 147), 0, 261.06937759374284, 225, 36.069377593742864), ((137, 147), 0, 261.3553390593274, 226, 35.35533905932738), ((137, 148), 0, 261.6554469023269, 227, 34.655446902326915), ((138, 148), 0, 261.94112549695427, 228, 33.94112549695428), ((138, 149), 0, 262.2415402771893, 229, 33.24154027718932), ((139, 149), 0, 262.52691193458116, 230, 32.526911934581186), ((139, 150), 0, 262.8276609256791, 231, 31.827660925679098), ((140, 150), 0, 263.1126983722081, 232, 31.11269837220809), ((140, 151), 0, 263.41381265149107, 233, 30.4138126514911), ((141, 151), 0, 263.698484809835, 234, 29.698484809834994), ((141, 152), 0, 264.0, 235, 29.0), ((142, 152), 0, 264.2842712474619, 236, 28.284271247461902), ((142, 153), 0, 264.58622844826743, 237, 27.586228448267445), ((143, 153), 0, 264.8700576850888, 238, 26.870057685088806), ((143, 154), 0, 265.1725046566048, 239, 26.1725046566048), ((144, 154), 0, 265.4558441227157, 240, 25.45584412271571), ((144, 155), 0, 265.7588368062799, 241, 24.758836806279895), ((145, 155), 0, 266.04163056034264, 242, 24.041630560342615), ((146, 155), 0, 266.3452350598575, 243, 23.345235059857504), ((146, 156), 0, 266.62741699796953, 244, 22.627416997969522), ((146, 157), 0, 266.9317121994613, 245, 21.93171219946131), ((147, 157), 0, 267.2132034355964, 246, 21.213203435596427), ((147, 158), 0, 267.5182845286832, 247, 20.518284528683193), ((147, 159), 0, 267.8494332412792, 248, 19.849433241279208), ((147, 160), 0, 268.20937271229855, 249, 19.209372712298546), ((148, 160), 0, 268.4390889145858, 250, 18.439088914585774), ((149, 160), 0, 268.69180601295415, 251, 17.69180601295413), ((150, 160), 0, 268.97056274847716, 252, 16.97056274847714), ((150, 161), 0, 269.2788205960997, 253, 16.278820596099706), ((151, 161), 0, 269.55634918610406, 254, 15.556349186104045), ((151, 162), 0, 269.8660687473185, 255, 14.866068747318506), ((151, 163), 0, 270.2126704035519, 256, 14.212670403551895), ((152, 163), 0, 270.45362404707373, 257, 13.45362404707371), ((153, 163), 0, 270.72792206135784, 258, 12.727922061357855), ((153, 164), 0, 271.0415945787923, 259, 12.041594578792296), ((154, 164), 0, 271.31370849898474, 260, 11.313708498984761), ((154, 165), 0, 271.63014581273467, 261, 10.63014581273465), ((155, 165), 0, 271.8994949366117, 262, 9.899494936611665), ((155, 166), 0, 272.2195444572929, 263, 9.219544457292887), ((156, 166), 0, 272.4852813742386, 264, 8.48528137423857), ((156, 167), 0, 272.8102496759067, 265, 7.810249675906654), ((157, 167), 0, 273.0710678118655, 266, 7.0710678118654755), ((157, 168), 0, 273.40312423743285, 267, 6.4031242374328485), ((158, 168), 0, 273.65685424949237, 268, 5.656854249492381), ((158, 169), 0, 274.0, 269, 5.0), ((159, 169), 0, 274.24264068711926, 270, 4.242640687119285), ((159, 170), 0, 274.605551275464, 271, 3.605551275463989), ((160, 170), 0, 274.8284271247462, 272, 2.8284271247461903), ((160, 171), 0, 275.2360679774998, 273, 2.23606797749979), ((161, 171), 0, 275.4142135623731, 274, 1.4142135623730951), ((161, 172), 0, 276.0, 275, 1.0), ((162, 172), 2, 276.0, 276, 0.0)]

