dfs -> Result:
total_distance: Not Reachable
time: 1870.875
checked_cells_no: 38411
memory: 2501

bfs -> Result:
total_distance: 98
time: 795.0625
checked_cells_no: 14800
memory: 200
path: [((150, 150), 1, 0, 0, inf), ((150, 151), 0, 1, 1, inf), ((150, 152), 0, 2, 2, inf), ((150, 153), 0, 3, 3, inf), ((150, 154), 0, 4, 4, inf), ((150, 155), 0, 5, 5, inf), ((150, 156), 0, 6, 6, inf), ((150, 157), 0, 7, 7, inf), ((150, 158), 0, 8, 8, inf), ((150, 159), 0, 9, 9, inf), ((150, 160), 0, 10, 10, inf), ((150, 161), 0, 11, 11, inf), ((150, 162), 0, 12, 12, inf), ((150, 163), 0, 13, 13, inf), ((150, 164), 0, 14, 14, inf), ((150, 165), 0, 15, 15, inf), ((150, 166), 0, 16, 16, inf), ((150, 167), 0, 17, 17, inf), ((150, 168), 0, 18, 18, inf), ((150, 169), 0, 19, 19, inf), ((150, 170), 0, 20, 20, inf), ((150, 171), 0, 21, 21, inf), ((150, 172), 0, 22, 22, inf), ((150, 173), 0, 23, 23, inf), ((150, 174), 0, 24, 24, inf), ((150, 175), 0, 25, 25, inf), ((150, 176), 0, 26, 26, inf), ((150, 177), 0, 27, 27, inf), ((150, 178), 0, 28, 28, inf), ((150, 179), 0, 29, 29, inf), ((150, 180), 0, 30, 30, inf), ((150, 181), 0, 31, 31, inf), ((150, 182), 0, 32, 32, inf), ((150, 183), 0, 33, 33, inf), ((150, 184), 0, 34, 34, inf), ((150, 185), 0, 35, 35, inf), ((150, 186), 0, 36, 36, inf), ((150, 187), 0, 37, 37, inf), ((150, 188), 0, 38, 38, inf), ((150, 189), 0, 39, 39, inf), ((150, 190), 0, 40, 40, inf), ((150, 191), 0, 41, 41, inf), ((150, 192), 0, 42, 42, inf), ((150, 193), 0, 43, 43, inf), ((150, 194), 0, 44, 44, inf), ((150, 195), 0, 45, 45, inf), ((150, 196), 0, 46, 46, inf), ((150, 197), 0, 47, 47, inf), ((150, 198), 0, 48, 48, inf), ((150, 199), 0, 49, 49, inf), ((151, 199), 0, 50, 50, inf), ((152, 199), 0, 51, 51, inf), ((153, 199), 0, 52, 52, inf), ((154, 199), 0, 53, 53, inf), ((155, 199), 0, 54, 54, inf), ((156, 199), 0, 55, 55, inf), ((157, 199), 0, 56, 56, inf), ((158, 199), 0, 57, 57, inf), ((159, 199), 0, 58, 58, inf), ((160, 199), 0, 59, 59, inf), ((161, 199), 0, 60, 60, inf), ((162, 199), 0, 61, 61, inf), ((163, 199), 0, 62, 62, inf), ((164, 199), 0, 63, 63, inf), ((165, 199), 0, 64, 64, inf), ((166, 199), 0, 65, 65, inf), ((167, 199), 0, 66, 66, inf), ((168, 199), 0, 67, 67, inf), ((169, 199), 0, 68, 68, inf), ((170, 199), 0, 69, 69, inf), ((171, 199), 0, 70, 70, inf), ((172, 199), 0, 71, 71, inf), ((173, 199), 0, 72, 72, inf), ((174, 199), 0, 73, 73, inf), ((175, 199), 0, 74, 74, inf), ((176, 199), 0, 75, 75, inf), ((177, 199), 0, 76, 76, inf), ((178, 199), 0, 77, 77, inf), ((179, 199), 0, 78, 78, inf), ((180, 199), 0, 79, 79, inf), ((181, 199), 0, 80, 80, inf), ((182, 199), 0, 81, 81, inf), ((183, 199), 0, 82, 82, inf), ((184, 199), 0, 83, 83, inf), ((185, 199), 0, 84, 84, inf), ((186, 199), 0, 85, 85, inf), ((187, 199), 0, 86, 86, inf), ((188, 199), 0, 87, 87, inf), ((189, 199), 0, 88, 88, inf), ((190, 199), 0, 89, 89, inf), ((191, 199), 0, 90, 90, inf), ((192, 199), 0, 91, 91, inf), ((193, 199), 0, 92, 92, inf), ((194, 199), 0, 93, 93, inf), ((195, 199), 0, 94, 94, inf), ((196, 199), 0, 95, 95, inf), ((197, 199), 0, 96, 96, inf), ((198, 199), 0, 97, 97, inf), ((199, 199), 2, 98, 98, inf)]

greedy_best_first_search chebyshev_distance -> Result:
total_distance: 98
time: 5.5625
checked_cells_no: 198
memory: 101
path: [((150, 150), 1, 49, 0, 49), ((150, 151), 0, 49, 1, 49), ((151, 151), 0, 48, 2, 48), ((151, 152), 0, 48, 3, 48), ((152, 152), 0, 47, 4, 47), ((152, 153), 0, 47, 5, 47), ((153, 153), 0, 46, 6, 46), ((153, 154), 0, 46, 7, 46), ((154, 154), 0, 45, 8, 45), ((154, 155), 0, 45, 9, 45), ((155, 155), 0, 44, 10, 44), ((155, 156), 0, 44, 11, 44), ((156, 156), 0, 43, 12, 43), ((156, 157), 0, 43, 13, 43), ((157, 157), 0, 42, 14, 42), ((157, 158), 0, 42, 15, 42), ((158, 158), 0, 41, 16, 41), ((158, 159), 0, 41, 17, 41), ((159, 159), 0, 40, 18, 40), ((159, 160), 0, 40, 19, 40), ((160, 160), 0, 39, 20, 39), ((160, 161), 0, 39, 21, 39), ((161, 161), 0, 38, 22, 38), ((161, 162), 0, 38, 23, 38), ((162, 162), 0, 37, 24, 37), ((162, 163), 0, 37, 25, 37), ((163, 163), 0, 36, 26, 36), ((163, 164), 0, 36, 27, 36), ((164, 164), 0, 35, 28, 35), ((164, 165), 0, 35, 29, 35), ((165, 165), 0, 34, 30, 34), ((165, 166), 0, 34, 31, 34), ((166, 166), 0, 33, 32, 33), ((166, 167), 0, 33, 33, 33), ((167, 167), 0, 32, 34, 32), ((167, 168), 0, 32, 35, 32), ((168, 168), 0, 31, 36, 31), ((168, 169), 0, 31, 37, 31), ((169, 169), 0, 30, 38, 30), ((169, 170), 0, 30, 39, 30), ((170, 170), 0, 29, 40, 29), ((170, 171), 0, 29, 41, 29), ((171, 171), 0, 28, 42, 28), ((171, 172), 0, 28, 43, 28), ((172, 172), 0, 27, 44, 27), ((172, 173), 0, 27, 45, 27), ((173, 173), 0, 26, 46, 26), ((173, 174), 0, 26, 47, 26), ((174, 174), 0, 25, 48, 25), ((174, 175), 0, 25, 49, 25), ((175, 175), 0, 24, 50, 24), ((175, 176), 0, 24, 51, 24), ((176, 176), 0, 23, 52, 23), ((176, 177), 0, 23, 53, 23), ((177, 177), 0, 22, 54, 22), ((177, 178), 0, 22, 55, 22), ((178, 178), 0, 21, 56, 21), ((178, 179), 0, 21, 57, 21), ((179, 179), 0, 20, 58, 20), ((179, 180), 0, 20, 59, 20), ((180, 180), 0, 19, 60, 19), ((180, 181), 0, 19, 61, 19), ((181, 181), 0, 18, 62, 18), ((181, 182), 0, 18, 63, 18), ((182, 182), 0, 17, 64, 17), ((182, 183), 0, 17, 65, 17), ((183, 183), 0, 16, 66, 16), ((183, 184), 0, 16, 67, 16), ((184, 184), 0, 15, 68, 15), ((184, 185), 0, 15, 69, 15), ((185, 185), 0, 14, 70, 14), ((185, 186), 0, 14, 71, 14), ((186, 186), 0, 13, 72, 13), ((186, 187), 0, 13, 73, 13), ((187, 187), 0, 12, 74, 12), ((187, 188), 0, 12, 75, 12), ((188, 188), 0, 11, 76, 11), ((188, 189), 0, 11, 77, 11), ((189, 189), 0, 10, 78, 10), ((189, 190), 0, 10, 79, 10), ((190, 190), 0, 9, 80, 9), ((190, 191), 0, 9, 81, 9), ((191, 191), 0, 8, 82, 8), ((191, 192), 0, 8, 83, 8), ((192, 192), 0, 7, 84, 7), ((192, 193), 0, 7, 85, 7), ((193, 193), 0, 6, 86, 6), ((193, 194), 0, 6, 87, 6), ((194, 194), 0, 5, 88, 5), ((194, 195), 0, 5, 89, 5), ((195, 195), 0, 4, 90, 4), ((195, 196), 0, 4, 91, 4), ((196, 196), 0, 3, 92, 3), ((196, 197), 0, 3, 93, 3), ((197, 197), 0, 2, 94, 2), ((197, 198), 0, 2, 95, 2), ((198, 198), 0, 1, 96, 1), ((198, 199), 0, 1, 97, 1), ((199, 199), 2, 0, 98, 0)]

greedy_best_first_search manhattan_distance -> Result:
total_distance: 98
time: 5.015625
checked_cells_no: 245
memory: 148
path: [((150, 150), 1, 98, 0, 98), ((150, 151), 0, 97, 1, 97), ((150, 152), 0, 96, 2, 96), ((150, 153), 0, 95, 3, 95), ((150, 154), 0, 94, 4, 94), ((150, 155), 0, 93, 5, 93), ((150, 156), 0, 92, 6, 92), ((150, 157), 0, 91, 7, 91), ((150, 158), 0, 90, 8, 90), ((150, 159), 0, 89, 9, 89), ((150, 160), 0, 88, 10, 88), ((150, 161), 0, 87, 11, 87), ((150, 162), 0, 86, 12, 86), ((150, 163), 0, 85, 13, 85), ((150, 164), 0, 84, 14, 84), ((150, 165), 0, 83, 15, 83), ((150, 166), 0, 82, 16, 82), ((150, 167), 0, 81, 17, 81), ((150, 168), 0, 80, 18, 80), ((150, 169), 0, 79, 19, 79), ((150, 170), 0, 78, 20, 78), ((150, 171), 0, 77, 21, 77), ((150, 172), 0, 76, 22, 76), ((150, 173), 0, 75, 23, 75), ((150, 174), 0, 74, 24, 74), ((150, 175), 0, 73, 25, 73), ((150, 176), 0, 72, 26, 72), ((150, 177), 0, 71, 27, 71), ((150, 178), 0, 70, 28, 70), ((150, 179), 0, 69, 29, 69), ((150, 180), 0, 68, 30, 68), ((150, 181), 0, 67, 31, 67), ((150, 182), 0, 66, 32, 66), ((150, 183), 0, 65, 33, 65), ((150, 184), 0, 64, 34, 64), ((150, 185), 0, 63, 35, 63), ((150, 186), 0, 62, 36, 62), ((150, 187), 0, 61, 37, 61), ((150, 188), 0, 60, 38, 60), ((150, 189), 0, 59, 39, 59), ((150, 190), 0, 58, 40, 58), ((150, 191), 0, 57, 41, 57), ((150, 192), 0, 56, 42, 56), ((150, 193), 0, 55, 43, 55), ((150, 194), 0, 54, 44, 54), ((150, 195), 0, 53, 45, 53), ((150, 196), 0, 52, 46, 52), ((150, 197), 0, 51, 47, 51), ((150, 198), 0, 50, 48, 50), ((150, 199), 0, 49, 49, 49), ((151, 199), 0, 48, 50, 48), ((152, 199), 0, 47, 51, 47), ((153, 199), 0, 46, 52, 46), ((154, 199), 0, 45, 53, 45), ((155, 199), 0, 44, 54, 44), ((156, 199), 0, 43, 55, 43), ((157, 199), 0, 42, 56, 42), ((158, 199), 0, 41, 57, 41), ((159, 199), 0, 40, 58, 40), ((160, 199), 0, 39, 59, 39), ((161, 199), 0, 38, 60, 38), ((162, 199), 0, 37, 61, 37), ((163, 199), 0, 36, 62, 36), ((164, 199), 0, 35, 63, 35), ((165, 199), 0, 34, 64, 34), ((166, 199), 0, 33, 65, 33), ((167, 199), 0, 32, 66, 32), ((168, 199), 0, 31, 67, 31), ((169, 199), 0, 30, 68, 30), ((170, 199), 0, 29, 69, 29), ((171, 199), 0, 28, 70, 28), ((172, 199), 0, 27, 71, 27), ((173, 199), 0, 26, 72, 26), ((174, 199), 0, 25, 73, 25), ((175, 199), 0, 24, 74, 24), ((176, 199), 0, 23, 75, 23), ((177, 199), 0, 22, 76, 22), ((178, 199), 0, 21, 77, 21), ((179, 199), 0, 20, 78, 20), ((180, 199), 0, 19, 79, 19), ((181, 199), 0, 18, 80, 18), ((182, 199), 0, 17, 81, 17), ((183, 199), 0, 16, 82, 16), ((184, 199), 0, 15, 83, 15), ((185, 199), 0, 14, 84, 14), ((186, 199), 0, 13, 85, 13), ((187, 199), 0, 12, 86, 12), ((188, 199), 0, 11, 87, 11), ((189, 199), 0, 10, 88, 10), ((190, 199), 0, 9, 89, 9), ((191, 199), 0, 8, 90, 8), ((192, 199), 0, 7, 91, 7), ((193, 199), 0, 6, 92, 6), ((194, 199), 0, 5, 93, 5), ((195, 199), 0, 4, 94, 4), ((196, 199), 0, 3, 95, 3), ((197, 199), 0, 2, 96, 2), ((198, 199), 0, 1, 97, 1), ((199, 199), 2, 0, 98, 0)]

greedy_best_first_search euclidean_distance -> Result:
total_distance: 98
time: 5.328125
checked_cells_no: 198
memory: 101
path: [((150, 150), 1, 69.29646455628166, 0, 69.29646455628166), ((150, 151), 0, 68.59300255857006, 1, 68.59300255857006), ((151, 151), 0, 67.88225099390856, 2, 67.88225099390856), ((151, 152), 0, 67.17886572427373, 3, 67.17886572427373), ((152, 152), 0, 66.46803743153546, 4, 66.46803743153546), ((152, 153), 0, 65.76473218982953, 5, 65.76473218982953), ((153, 153), 0, 65.05382386916237, 6, 65.05382386916237), ((153, 154), 0, 64.35060217278468, 7, 64.35060217278468), ((154, 154), 0, 63.63961030678928, 8, 63.63961030678928), ((154, 155), 0, 62.93647591023825, 9, 62.93647591023825), ((155, 155), 0, 62.22539674441618, 10, 62.22539674441618), ((155, 156), 0, 61.5223536610881, 11, 61.5223536610881), ((156, 156), 0, 60.81118318204309, 12, 60.81118318204309), ((156, 157), 0, 60.108235708594876, 13, 60.108235708594876), ((157, 157), 0, 59.39696961966999, 14, 59.39696961966999), ((157, 158), 0, 58.69412236331676, 15, 58.69412236331676), ((158, 158), 0, 57.982756057296896, 16, 57.982756057296896), ((158, 159), 0, 57.28001396647874, 17, 57.28001396647874), ((159, 159), 0, 56.568542494923804, 18, 56.568542494923804), ((159, 160), 0, 55.86591089385369, 19, 55.86591089385369), ((160, 160), 0, 55.154328932550705, 20, 55.154328932550705), ((160, 161), 0, 54.45181356024793, 21, 54.45181356024793), ((161, 161), 0, 53.74011537017761, 22, 53.74011537017761), ((161, 162), 0, 53.03772242470448, 23, 53.03772242470448), ((162, 162), 0, 52.32590180780452, 24, 52.32590180780452), ((162, 163), 0, 51.62363799656123, 25, 51.62363799656123), ((163, 163), 0, 50.91168824543142, 26, 50.91168824543142), ((163, 164), 0, 50.20956084253277, 27, 50.20956084253277), ((164, 164), 0, 49.49747468305833, 28, 49.49747468305833), ((164, 165), 0, 48.79549159502341, 29, 48.79549159502341), ((165, 165), 0, 48.08326112068523, 30, 48.08326112068523), ((165, 166), 0, 47.38143096192854, 31, 47.38143096192854), ((166, 166), 0, 46.66904755831214, 32, 46.66904755831214), ((166, 167), 0, 45.967379738244816, 33, 45.967379738244816), ((167, 167), 0, 45.254833995939045, 34, 45.254833995939045), ((167, 168), 0, 44.553338819890925, 35, 44.553338819890925), ((168, 168), 0, 43.840620433565945, 36, 43.840620433565945), ((168, 169), 0, 43.139309220245984, 37, 43.139309220245984), ((169, 169), 0, 42.42640687119285, 38, 42.42640687119285), ((169, 170), 0, 41.72529209005013, 39, 41.72529209005013), ((170, 170), 0, 41.012193308819754, 40, 41.012193308819754), ((170, 171), 0, 40.311288741492746, 41, 40.311288741492746), ((171, 171), 0, 39.59797974644666, 42, 39.59797974644666), ((171, 172), 0, 38.897300677553446, 43, 38.897300677553446), ((172, 172), 0, 38.18376618407357, 44, 38.18376618407357), ((172, 173), 0, 37.48332962798263, 45, 37.48332962798263), ((173, 173), 0, 36.76955262170047, 46, 36.76955262170047), ((173, 174), 0, 36.069377593742864, 47, 36.069377593742864), ((174, 174), 0, 35.35533905932738, 48, 35.35533905932738), ((174, 175), 0, 34.655446902326915, 49, 34.655446902326915), ((175, 175), 0, 33.94112549695428, 50, 33.94112549695428), ((175, 176), 0, 33.24154027718932, 51, 33.24154027718932), ((176, 176), 0, 32.526911934581186, 52, 32.526911934581186), ((176, 177), 0, 31.827660925679098, 53, 31.827660925679098), ((177, 177), 0, 31.11269837220809, 54, 31.11269837220809), ((177, 178), 0, 30.4138126514911, 55, 30.4138126514911), ((178, 178), 0, 29.698484809834994, 56, 29.698484809834994), ((178, 179), 0, 29.0, 57, 29.0), ((179, 179), 0, 28.284271247461902, 58, 28.284271247461902), ((179, 180), 0, 27.586228448267445, 59, 27.586228448267445), ((180, 180), 0, 26.870057685088806, 60, 26.870057685088806), ((180, 181), 0, 26.1725046566048, 61, 26.1725046566048), ((181, 181), 0, 25.45584412271571, 62, 25.45584412271571), ((181, 182), 0, 24.758836806279895, 63, 24.758836806279895), ((182, 182), 0, 24.041630560342615, 64, 24.041630560342615), ((182, 183), 0, 23.345235059857504, 65, 23.345235059857504), ((183, 183), 0, 22.627416997969522, 66, 22.627416997969522), ((183, 184), 0, 21.93171219946131, 67, 21.93171219946131), ((184, 184), 0, 21.213203435596427, 68, 21.213203435596427), ((184, 185), 0, 20.518284528683193, 69, 20.518284528683193), ((185, 185), 0, 19.79898987322333, 70, 19.79898987322333), ((185, 186), 0, 19.1049731745428, 71, 19.1049731745428), ((186, 186), 0, 18.384776310850235, 72, 18.384776310850235), ((186, 187), 0, 17.69180601295413, 73, 17.69180601295413), ((187, 187), 0, 16.97056274847714, 74, 16.97056274847714), ((187, 188), 0, 16.278820596099706, 75, 16.278820596099706), ((188, 188), 0, 15.556349186104045, 76, 15.556349186104045), ((188, 189), 0, 14.866068747318506, 77, 14.866068747318506), ((189, 189), 0, 14.142135623730951, 78, 14.142135623730951), ((189, 190), 0, 13.45362404707371, 79, 13.45362404707371), ((190, 190), 0, 12.727922061357855, 80, 12.727922061357855), ((190, 191), 0, 12.041594578792296, 81, 12.041594578792296), ((191, 191), 0, 11.313708498984761, 82, 11.313708498984761), ((191, 192), 0, 10.63014581273465, 83, 10.63014581273465), ((192, 192), 0, 9.899494936611665, 84, 9.899494936611665), ((192, 193), 0, 9.219544457292887, 85, 9.219544457292887), ((193, 193), 0, 8.48528137423857, 86, 8.48528137423857), ((193, 194), 0, 7.810249675906654, 87, 7.810249675906654), ((194, 194), 0, 7.0710678118654755, 88, 7.0710678118654755), ((194, 195), 0, 6.4031242374328485, 89, 6.4031242374328485), ((195, 195), 0, 5.656854249492381, 90, 5.656854249492381), ((195, 196), 0, 5.0, 91, 5.0), ((196, 196), 0, 4.242640687119285, 92, 4.242640687119285), ((196, 197), 0, 3.605551275463989, 93, 3.605551275463989), ((197, 197), 0, 2.8284271247461903, 94, 2.8284271247461903), ((197, 198), 0, 2.23606797749979, 95, 2.23606797749979), ((198, 198), 0, 1.4142135623730951, 96, 1.4142135623730951), ((198, 199), 0, 1.0, 97, 1.0), ((199, 199), 2, 0.0, 98, 0.0)]

a_star chebyshev_distance -> Result:
total_distance: 98
time: 218.609375
checked_cells_no: 4215
memory: 228
path: [((150, 150), 1, 49, 0, 49), ((150, 151), 0, 50, 1, 49), ((151, 151), 0, 50, 2, 48), ((151, 152), 0, 51, 3, 48), ((152, 152), 0, 51, 4, 47), ((152, 153), 0, 52, 5, 47), ((153, 153), 0, 52, 6, 46), ((153, 154), 0, 53, 7, 46), ((154, 154), 0, 53, 8, 45), ((154, 155), 0, 54, 9, 45), ((155, 155), 0, 54, 10, 44), ((155, 156), 0, 55, 11, 44), ((156, 156), 0, 55, 12, 43), ((156, 157), 0, 56, 13, 43), ((157, 157), 0, 56, 14, 42), ((157, 158), 0, 57, 15, 42), ((158, 158), 0, 57, 16, 41), ((158, 159), 0, 58, 17, 41), ((159, 159), 0, 58, 18, 40), ((159, 160), 0, 59, 19, 40), ((160, 160), 0, 59, 20, 39), ((160, 161), 0, 60, 21, 39), ((161, 161), 0, 60, 22, 38), ((161, 162), 0, 61, 23, 38), ((162, 162), 0, 61, 24, 37), ((162, 163), 0, 62, 25, 37), ((163, 163), 0, 62, 26, 36), ((163, 164), 0, 63, 27, 36), ((164, 164), 0, 63, 28, 35), ((164, 165), 0, 64, 29, 35), ((165, 165), 0, 64, 30, 34), ((165, 166), 0, 65, 31, 34), ((166, 166), 0, 65, 32, 33), ((166, 167), 0, 66, 33, 33), ((167, 167), 0, 66, 34, 32), ((167, 168), 0, 67, 35, 32), ((168, 168), 0, 67, 36, 31), ((168, 169), 0, 68, 37, 31), ((169, 169), 0, 68, 38, 30), ((169, 170), 0, 69, 39, 30), ((170, 170), 0, 69, 40, 29), ((170, 171), 0, 70, 41, 29), ((171, 171), 0, 70, 42, 28), ((171, 172), 0, 71, 43, 28), ((172, 172), 0, 71, 44, 27), ((172, 173), 0, 72, 45, 27), ((173, 173), 0, 72, 46, 26), ((173, 174), 0, 73, 47, 26), ((174, 174), 0, 73, 48, 25), ((174, 175), 0, 74, 49, 25), ((175, 175), 0, 74, 50, 24), ((175, 176), 0, 75, 51, 24), ((176, 176), 0, 75, 52, 23), ((176, 177), 0, 76, 53, 23), ((177, 177), 0, 76, 54, 22), ((177, 178), 0, 77, 55, 22), ((178, 178), 0, 77, 56, 21), ((178, 179), 0, 78, 57, 21), ((179, 179), 0, 78, 58, 20), ((179, 180), 0, 79, 59, 20), ((180, 180), 0, 79, 60, 19), ((180, 181), 0, 80, 61, 19), ((181, 181), 0, 80, 62, 18), ((181, 182), 0, 81, 63, 18), ((182, 182), 0, 81, 64, 17), ((182, 183), 0, 82, 65, 17), ((183, 183), 0, 82, 66, 16), ((183, 184), 0, 83, 67, 16), ((184, 184), 0, 83, 68, 15), ((184, 185), 0, 84, 69, 15), ((185, 185), 0, 84, 70, 14), ((185, 186), 0, 85, 71, 14), ((186, 186), 0, 85, 72, 13), ((186, 187), 0, 86, 73, 13), ((187, 187), 0, 86, 74, 12), ((187, 188), 0, 87, 75, 12), ((188, 188), 0, 87, 76, 11), ((188, 189), 0, 88, 77, 11), ((189, 189), 0, 88, 78, 10), ((189, 190), 0, 89, 79, 10), ((190, 190), 0, 89, 80, 9), ((190, 191), 0, 90, 81, 9), ((191, 191), 0, 90, 82, 8), ((191, 192), 0, 91, 83, 8), ((192, 192), 0, 91, 84, 7), ((192, 193), 0, 92, 85, 7), ((193, 193), 0, 92, 86, 6), ((193, 194), 0, 93, 87, 6), ((194, 194), 0, 93, 88, 5), ((194, 195), 0, 94, 89, 5), ((195, 195), 0, 94, 90, 4), ((195, 196), 0, 95, 91, 4), ((196, 196), 0, 95, 92, 3), ((196, 197), 0, 96, 93, 3), ((197, 197), 0, 96, 94, 2), ((197, 198), 0, 97, 95, 2), ((198, 198), 0, 97, 96, 1), ((198, 199), 0, 98, 97, 1), ((199, 199), 2, 98, 98, 0)]

a_star manhattan_distance -> Result:
total_distance: 98
time: 123.4375
checked_cells_no: 2599
memory: 149
path: [((150, 150), 1, 98, 0, 98), ((150, 151), 0, 98, 1, 97), ((150, 152), 0, 98, 2, 96), ((150, 153), 0, 98, 3, 95), ((150, 154), 0, 98, 4, 94), ((150, 155), 0, 98, 5, 93), ((150, 156), 0, 98, 6, 92), ((150, 157), 0, 98, 7, 91), ((150, 158), 0, 98, 8, 90), ((150, 159), 0, 98, 9, 89), ((150, 160), 0, 98, 10, 88), ((150, 161), 0, 98, 11, 87), ((150, 162), 0, 98, 12, 86), ((150, 163), 0, 98, 13, 85), ((150, 164), 0, 98, 14, 84), ((150, 165), 0, 98, 15, 83), ((150, 166), 0, 98, 16, 82), ((150, 167), 0, 98, 17, 81), ((150, 168), 0, 98, 18, 80), ((150, 169), 0, 98, 19, 79), ((150, 170), 0, 98, 20, 78), ((150, 171), 0, 98, 21, 77), ((150, 172), 0, 98, 22, 76), ((150, 173), 0, 98, 23, 75), ((150, 174), 0, 98, 24, 74), ((150, 175), 0, 98, 25, 73), ((150, 176), 0, 98, 26, 72), ((150, 177), 0, 98, 27, 71), ((150, 178), 0, 98, 28, 70), ((150, 179), 0, 98, 29, 69), ((150, 180), 0, 98, 30, 68), ((150, 181), 0, 98, 31, 67), ((150, 182), 0, 98, 32, 66), ((150, 183), 0, 98, 33, 65), ((150, 184), 0, 98, 34, 64), ((150, 185), 0, 98, 35, 63), ((150, 186), 0, 98, 36, 62), ((150, 187), 0, 98, 37, 61), ((150, 188), 0, 98, 38, 60), ((150, 189), 0, 98, 39, 59), ((150, 190), 0, 98, 40, 58), ((150, 191), 0, 98, 41, 57), ((150, 192), 0, 98, 42, 56), ((150, 193), 0, 98, 43, 55), ((150, 194), 0, 98, 44, 54), ((150, 195), 0, 98, 45, 53), ((150, 196), 0, 98, 46, 52), ((150, 197), 0, 98, 47, 51), ((150, 198), 0, 98, 48, 50), ((150, 199), 0, 98, 49, 49), ((151, 199), 0, 98, 50, 48), ((152, 199), 0, 98, 51, 47), ((153, 199), 0, 98, 52, 46), ((154, 199), 0, 98, 53, 45), ((155, 199), 0, 98, 54, 44), ((156, 199), 0, 98, 55, 43), ((157, 199), 0, 98, 56, 42), ((158, 199), 0, 98, 57, 41), ((159, 199), 0, 98, 58, 40), ((160, 199), 0, 98, 59, 39), ((161, 199), 0, 98, 60, 38), ((162, 199), 0, 98, 61, 37), ((163, 199), 0, 98, 62, 36), ((164, 199), 0, 98, 63, 35), ((165, 199), 0, 98, 64, 34), ((166, 199), 0, 98, 65, 33), ((167, 199), 0, 98, 66, 32), ((168, 199), 0, 98, 67, 31), ((169, 199), 0, 98, 68, 30), ((170, 199), 0, 98, 69, 29), ((171, 199), 0, 98, 70, 28), ((172, 199), 0, 98, 71, 27), ((173, 199), 0, 98, 72, 26), ((174, 199), 0, 98, 73, 25), ((175, 199), 0, 98, 74, 24), ((176, 199), 0, 98, 75, 23), ((177, 199), 0, 98, 76, 22), ((178, 199), 0, 98, 77, 21), ((179, 199), 0, 98, 78, 20), ((180, 199), 0, 98, 79, 19), ((181, 199), 0, 98, 80, 18), ((182, 199), 0, 98, 81, 17), ((183, 199), 0, 98, 82, 16), ((184, 199), 0, 98, 83, 15), ((185, 199), 0, 98, 84, 14), ((186, 199), 0, 98, 85, 13), ((187, 199), 0, 98, 86, 12), ((188, 199), 0, 98, 87, 11), ((189, 199), 0, 98, 88, 10), ((190, 199), 0, 98, 89, 9), ((191, 199), 0, 98, 90, 8), ((192, 199), 0, 98, 91, 7), ((193, 199), 0, 98, 92, 6), ((194, 199), 0, 98, 93, 5), ((195, 199), 0, 98, 94, 4), ((196, 199), 0, 98, 95, 3), ((197, 199), 0, 98, 96, 2), ((198, 199), 0, 98, 97, 1), ((199, 199), 2, 98, 98, 0)]

a_star euclidean_distance -> Result:
total_distance: 98
time: 189.953125
checked_cells_no: 3605
memory: 212
path: [((150, 150), 1, 69.29646455628166, 0, 69.29646455628166), ((150, 151), 0, 69.59300255857006, 1, 68.59300255857006), ((151, 151), 0, 69.88225099390856, 2, 67.88225099390856), ((151, 152), 0, 70.17886572427373, 3, 67.17886572427373), ((152, 152), 0, 70.46803743153546, 4, 66.46803743153546), ((152, 153), 0, 70.76473218982953, 5, 65.76473218982953), ((153, 153), 0, 71.05382386916237, 6, 65.05382386916237), ((153, 154), 0, 71.35060217278468, 7, 64.35060217278468), ((154, 154), 0, 71.63961030678928, 8, 63.63961030678928), ((154, 155), 0, 71.93647591023824, 9, 62.93647591023825), ((155, 155), 0, 72.22539674441617, 10, 62.22539674441618), ((155, 156), 0, 72.52235366108809, 11, 61.5223536610881), ((156, 156), 0, 72.8111831820431, 12, 60.81118318204309), ((156, 157), 0, 73.10823570859488, 13, 60.108235708594876), ((157, 157), 0, 73.39696961966999, 14, 59.39696961966999), ((157, 158), 0, 73.69412236331675, 15, 58.69412236331676), ((158, 158), 0, 73.9827560572969, 16, 57.982756057296896), ((158, 159), 0, 74.28001396647875, 17, 57.28001396647874), ((159, 159), 0, 74.5685424949238, 18, 56.568542494923804), ((159, 160), 0, 74.86591089385368, 19, 55.86591089385369), ((160, 160), 0, 75.1543289325507, 20, 55.154328932550705), ((160, 161), 0, 75.45181356024793, 21, 54.45181356024793), ((161, 161), 0, 75.74011537017762, 22, 53.74011537017761), ((161, 162), 0, 76.03772242470447, 23, 53.03772242470448), ((162, 162), 0, 76.32590180780451, 24, 52.32590180780452), ((162, 163), 0, 76.62363799656123, 25, 51.62363799656123), ((163, 163), 0, 76.91168824543142, 26, 50.91168824543142), ((163, 164), 0, 77.20956084253277, 27, 50.20956084253277), ((164, 164), 0, 77.49747468305833, 28, 49.49747468305833), ((164, 165), 0, 77.7954915950234, 29, 48.79549159502341), ((165, 165), 0, 78.08326112068522, 30, 48.08326112068523), ((165, 166), 0, 78.38143096192854, 31, 47.38143096192854), ((166, 166), 0, 78.66904755831214, 32, 46.66904755831214), ((166, 167), 0, 78.96737973824482, 33, 45.967379738244816), ((167, 167), 0, 79.25483399593904, 34, 45.254833995939045), ((167, 168), 0, 79.55333881989093, 35, 44.553338819890925), ((168, 168), 0, 79.84062043356595, 36, 43.840620433565945), ((168, 169), 0, 80.13930922024599, 37, 43.139309220245984), ((169, 169), 0, 80.42640687119285, 38, 42.42640687119285), ((169, 170), 0, 80.72529209005013, 39, 41.72529209005013), ((170, 170), 0, 81.01219330881975, 40, 41.012193308819754), ((170, 171), 0, 81.31128874149275, 41, 40.311288741492746), ((171, 171), 0, 81.59797974644667, 42, 39.59797974644666), ((171, 172), 0, 81.89730067755345, 43, 38.897300677553446), ((172, 172), 0, 82.18376618407356, 44, 38.18376618407357), ((172, 173), 0, 82.48332962798263, 45, 37.48332962798263), ((173, 173), 0, 82.76955262170047, 46, 36.76955262170047), ((173, 174), 0, 83.06937759374287, 47, 36.069377593742864), ((174, 174), 0, 83.35533905932738, 48, 35.35533905932738), ((174, 175), 0, 83.65544690232691, 49, 34.655446902326915), ((175, 175), 0, 83.94112549695427, 50, 33.94112549695428), ((175, 176), 0, 84.24154027718933, 51, 33.24154027718932), ((176, 176), 0, 84.5269119345812, 52, 32.526911934581186), ((176, 177), 0, 84.8276609256791, 53, 31.827660925679098), ((177, 177), 0, 85.11269837220809, 54, 31.11269837220809), ((177, 178), 0, 85.4138126514911, 55, 30.4138126514911), ((178, 178), 0, 85.698484809835, 56, 29.698484809834994), ((178, 179), 0, 86.0, 57, 29.0), ((179, 179), 0, 86.2842712474619, 58, 28.284271247461902), ((179, 180), 0, 86.58622844826745, 59, 27.586228448267445), ((180, 180), 0, 86.87005768508881, 60, 26.870057685088806), ((180, 181), 0, 87.1725046566048, 61, 26.1725046566048), ((181, 181), 0, 87.45584412271572, 62, 25.45584412271571), ((181, 182), 0, 87.7588368062799, 63, 24.758836806279895), ((182, 182), 0, 88.04163056034261, 64, 24.041630560342615), ((182, 183), 0, 88.3452350598575, 65, 23.345235059857504), ((183, 183), 0, 88.62741699796952, 66, 22.627416997969522), ((183, 184), 0, 88.93171219946132, 67, 21.93171219946131), ((184, 184), 0, 89.21320343559643, 68, 21.213203435596427), ((184, 185), 0, 89.5182845286832, 69, 20.518284528683193), ((185, 185), 0, 89.79898987322333, 70, 19.79898987322333), ((185, 186), 0, 90.1049731745428, 71, 19.1049731745428), ((186, 186), 0, 90.38477631085024, 72, 18.384776310850235), ((186, 187), 0, 90.69180601295413, 73, 17.69180601295413), ((187, 187), 0, 90.97056274847714, 74, 16.97056274847714), ((187, 188), 0, 91.2788205960997, 75, 16.278820596099706), ((188, 188), 0, 91.55634918610404, 76, 15.556349186104045), ((188, 189), 0, 91.86606874731851, 77, 14.866068747318506), ((189, 189), 0, 92.14213562373095, 78, 14.142135623730951), ((189, 190), 0, 92.4536240470737, 79, 13.45362404707371), ((190, 190), 0, 92.72792206135786, 80, 12.727922061357855), ((190, 191), 0, 93.0415945787923, 81, 12.041594578792296), ((191, 191), 0, 93.31370849898477, 82, 11.313708498984761), ((191, 192), 0, 93.63014581273465, 83, 10.63014581273465), ((192, 192), 0, 93.89949493661166, 84, 9.899494936611665), ((192, 193), 0, 94.21954445729288, 85, 9.219544457292887), ((193, 193), 0, 94.48528137423857, 86, 8.48528137423857), ((193, 194), 0, 94.81024967590665, 87, 7.810249675906654), ((194, 194), 0, 95.07106781186548, 88, 7.0710678118654755), ((194, 195), 0, 95.40312423743285, 89, 6.4031242374328485), ((195, 195), 0, 95.65685424949238, 90, 5.656854249492381), ((195, 196), 0, 96.0, 91, 5.0), ((196, 196), 0, 96.24264068711929, 92, 4.242640687119285), ((196, 197), 0, 96.605551275464, 93, 3.605551275463989), ((197, 197), 0, 96.82842712474618, 94, 2.8284271247461903), ((197, 198), 0, 97.23606797749979, 95, 2.23606797749979), ((198, 198), 0, 97.41421356237309, 96, 1.4142135623730951), ((198, 199), 0, 98.0, 97, 1.0), ((199, 199), 2, 98.0, 98, 0.0)]

