dfs -> Result:
total_distance: Not Reachable
time: 13.515625
checked_cells_no: 3111
memory: 2501

bfs -> Result:
total_distance: 100
time: 16.0
checked_cells_no: 3599
memory: 61
path: [((1, 16), 1, 0, 0, inf), ((1, 17), 0, 1, 1, inf), ((1, 18), 0, 2, 2, inf), ((1, 19), 0, 3, 3, inf), ((1, 20), 0, 4, 4, inf), ((1, 21), 0, 5, 5, inf), ((1, 22), 0, 6, 6, inf), ((1, 23), 0, 7, 7, inf), ((1, 24), 0, 8, 8, inf), ((1, 25), 0, 9, 9, inf), ((1, 26), 0, 10, 10, inf), ((1, 27), 0, 11, 11, inf), ((1, 28), 0, 12, 12, inf), ((1, 29), 0, 13, 13, inf), ((1, 30), 0, 14, 14, inf), ((1, 31), 0, 15, 15, inf), ((1, 32), 0, 16, 16, inf), ((1, 33), 0, 17, 17, inf), ((1, 34), 0, 18, 18, inf), ((1, 35), 0, 19, 19, inf), ((1, 36), 0, 20, 20, inf), ((1, 37), 0, 21, 21, inf), ((1, 38), 0, 22, 22, inf), ((1, 39), 0, 23, 23, inf), ((1, 40), 0, 24, 24, inf), ((1, 41), 0, 25, 25, inf), ((1, 42), 0, 26, 26, inf), ((1, 43), 0, 27, 27, inf), ((1, 44), 0, 28, 28, inf), ((1, 45), 0, 29, 29, inf), ((1, 46), 0, 30, 30, inf), ((1, 47), 0, 31, 31, inf), ((1, 48), 0, 32, 32, inf), ((1, 49), 0, 33, 33, inf), ((1, 50), 0, 34, 34, inf), ((1, 51), 0, 35, 35, inf), ((1, 52), 0, 36, 36, inf), ((1, 53), 0, 37, 37, inf), ((1, 54), 0, 38, 38, inf), ((1, 55), 0, 39, 39, inf), ((1, 56), 0, 40, 40, inf), ((1, 57), 0, 41, 41, inf), ((1, 58), 0, 42, 42, inf), ((2, 58), 0, 43, 43, inf), ((3, 58), 0, 44, 44, inf), ((4, 58), 0, 45, 45, inf), ((5, 58), 0, 46, 46, inf), ((6, 58), 0, 47, 47, inf), ((7, 58), 0, 48, 48, inf), ((8, 58), 0, 49, 49, inf), ((9, 58), 0, 50, 50, inf), ((10, 58), 0, 51, 51, inf), ((11, 58), 0, 52, 52, inf), ((12, 58), 0, 53, 53, inf), ((13, 58), 0, 54, 54, inf), ((14, 58), 0, 55, 55, inf), ((15, 58), 0, 56, 56, inf), ((16, 58), 0, 57, 57, inf), ((17, 58), 0, 58, 58, inf), ((18, 58), 0, 59, 59, inf), ((19, 58), 0, 60, 60, inf), ((20, 58), 0, 61, 61, inf), ((21, 58), 0, 62, 62, inf), ((22, 58), 0, 63, 63, inf), ((23, 58), 0, 64, 64, inf), ((24, 58), 0, 65, 65, inf), ((25, 58), 0, 66, 66, inf), ((26, 58), 0, 67, 67, inf), ((27, 58), 0, 68, 68, inf), ((28, 58), 0, 69, 69, inf), ((29, 58), 0, 70, 70, inf), ((30, 58), 0, 71, 71, inf), ((31, 58), 0, 72, 72, inf), ((32, 58), 0, 73, 73, inf), ((33, 58), 0, 74, 74, inf), ((34, 58), 0, 75, 75, inf), ((35, 58), 0, 76, 76, inf), ((36, 58), 0, 77, 77, inf), ((37, 58), 0, 78, 78, inf), ((38, 58), 0, 79, 79, inf), ((39, 58), 0, 80, 80, inf), ((40, 58), 0, 81, 81, inf), ((41, 58), 0, 82, 82, inf), ((42, 58), 0, 83, 83, inf), ((43, 58), 0, 84, 84, inf), ((44, 58), 0, 85, 85, inf), ((45, 58), 0, 86, 86, inf), ((46, 58), 0, 87, 87, inf), ((47, 58), 0, 88, 88, inf), ((48, 58), 0, 89, 89, inf), ((49, 58), 0, 90, 90, inf), ((50, 58), 0, 91, 91, inf), ((51, 58), 0, 92, 92, inf), ((52, 58), 0, 93, 93, inf), ((53, 58), 0, 94, 94, inf), ((54, 58), 0, 95, 95, inf), ((55, 58), 0, 96, 96, inf), ((56, 58), 0, 97, 97, inf), ((57, 58), 0, 98, 98, inf), ((58, 58), 0, 99, 99, inf), ((59, 58), 2, 100, 100, inf)]

greedy_best_first_search chebyshev_distance -> Result:
total_distance: 100
time: 0.484375
checked_cells_no: 218
memory: 119
path: [((1, 16), 1, 58, 0, 58), ((2, 16), 0, 57, 1, 57), ((3, 16), 0, 56, 2, 56), ((4, 16), 0, 55, 3, 55), ((5, 16), 0, 54, 4, 54), ((6, 16), 0, 53, 5, 53), ((7, 16), 0, 52, 6, 52), ((8, 16), 0, 51, 7, 51), ((9, 16), 0, 50, 8, 50), ((10, 16), 0, 49, 9, 49), ((11, 16), 0, 48, 10, 48), ((12, 16), 0, 47, 11, 47), ((13, 16), 0, 46, 12, 46), ((14, 16), 0, 45, 13, 45), ((15, 16), 0, 44, 14, 44), ((16, 16), 0, 43, 15, 43), ((17, 16), 0, 42, 16, 42), ((17, 17), 0, 42, 17, 42), ((18, 17), 0, 41, 18, 41), ((18, 18), 0, 41, 19, 41), ((19, 18), 0, 40, 20, 40), ((19, 19), 0, 40, 21, 40), ((20, 19), 0, 39, 22, 39), ((20, 20), 0, 39, 23, 39), ((21, 20), 0, 38, 24, 38), ((21, 21), 0, 38, 25, 38), ((22, 21), 0, 37, 26, 37), ((22, 22), 0, 37, 27, 37), ((23, 22), 0, 36, 28, 36), ((23, 23), 0, 36, 29, 36), ((24, 23), 0, 35, 30, 35), ((24, 24), 0, 35, 31, 35), ((25, 24), 0, 34, 32, 34), ((25, 25), 0, 34, 33, 34), ((26, 25), 0, 33, 34, 33), ((26, 26), 0, 33, 35, 33), ((27, 26), 0, 32, 36, 32), ((27, 27), 0, 32, 37, 32), ((28, 27), 0, 31, 38, 31), ((28, 28), 0, 31, 39, 31), ((29, 28), 0, 30, 40, 30), ((29, 29), 0, 30, 41, 30), ((30, 29), 0, 29, 42, 29), ((30, 30), 0, 29, 43, 29), ((31, 30), 0, 28, 44, 28), ((31, 31), 0, 28, 45, 28), ((32, 31), 0, 27, 46, 27), ((32, 32), 0, 27, 47, 27), ((33, 32), 0, 26, 48, 26), ((33, 33), 0, 26, 49, 26), ((34, 33), 0, 25, 50, 25), ((34, 34), 0, 25, 51, 25), ((35, 34), 0, 24, 52, 24), ((35, 35), 0, 24, 53, 24), ((36, 35), 0, 23, 54, 23), ((36, 36), 0, 23, 55, 23), ((37, 36), 0, 22, 56, 22), ((37, 37), 0, 22, 57, 22), ((38, 37), 0, 21, 58, 21), ((38, 38), 0, 21, 59, 21), ((39, 38), 0, 20, 60, 20), ((39, 39), 0, 20, 61, 20), ((40, 39), 0, 19, 62, 19), ((40, 40), 0, 19, 63, 19), ((41, 40), 0, 18, 64, 18), ((41, 41), 0, 18, 65, 18), ((42, 41), 0, 17, 66, 17), ((42, 42), 0, 17, 67, 17), ((43, 42), 0, 16, 68, 16), ((43, 43), 0, 16, 69, 16), ((44, 43), 0, 15, 70, 15), ((44, 44), 0, 15, 71, 15), ((45, 44), 0, 14, 72, 14), ((45, 45), 0, 14, 73, 14), ((46, 45), 0, 13, 74, 13), ((46, 46), 0, 13, 75, 13), ((47, 46), 0, 12, 76, 12), ((47, 47), 0, 12, 77, 12), ((48, 47), 0, 11, 78, 11), ((48, 48), 0, 11, 79, 11), ((49, 48), 0, 10, 80, 10), ((49, 49), 0, 10, 81, 10), ((50, 49), 0, 9, 82, 9), ((50, 50), 0, 9, 83, 9), ((51, 50), 0, 8, 84, 8), ((51, 51), 0, 8, 85, 8), ((52, 51), 0, 7, 86, 7), ((52, 52), 0, 7, 87, 7), ((53, 52), 0, 6, 88, 6), ((53, 53), 0, 6, 89, 6), ((54, 53), 0, 5, 90, 5), ((54, 54), 0, 5, 91, 5), ((55, 54), 0, 4, 92, 4), ((55, 55), 0, 4, 93, 4), ((56, 55), 0, 3, 94, 3), ((56, 56), 0, 3, 95, 3), ((57, 56), 0, 2, 96, 2), ((57, 57), 0, 2, 97, 2), ((58, 57), 0, 1, 98, 1), ((58, 58), 0, 1, 99, 1), ((59, 58), 2, 0, 100, 0)]

greedy_best_first_search manhattan_distance -> Result:
total_distance: 100
time: 0.4375
checked_cells_no: 300
memory: 201
path: [((1, 16), 1, 100, 0, 100), ((1, 17), 0, 99, 1, 99), ((1, 18), 0, 98, 2, 98), ((1, 19), 0, 97, 3, 97), ((1, 20), 0, 96, 4, 96), ((1, 21), 0, 95, 5, 95), ((1, 22), 0, 94, 6, 94), ((1, 23), 0, 93, 7, 93), ((1, 24), 0, 92, 8, 92), ((1, 25), 0, 91, 9, 91), ((1, 26), 0, 90, 10, 90), ((1, 27), 0, 89, 11, 89), ((1, 28), 0, 88, 12, 88), ((1, 29), 0, 87, 13, 87), ((1, 30), 0, 86, 14, 86), ((1, 31), 0, 85, 15, 85), ((1, 32), 0, 84, 16, 84), ((1, 33), 0, 83, 17, 83), ((1, 34), 0, 82, 18, 82), ((1, 35), 0, 81, 19, 81), ((1, 36), 0, 80, 20, 80), ((1, 37), 0, 79, 21, 79), ((1, 38), 0, 78, 22, 78), ((1, 39), 0, 77, 23, 77), ((1, 40), 0, 76, 24, 76), ((1, 41), 0, 75, 25, 75), ((1, 42), 0, 74, 26, 74), ((1, 43), 0, 73, 27, 73), ((1, 44), 0, 72, 28, 72), ((1, 45), 0, 71, 29, 71), ((1, 46), 0, 70, 30, 70), ((1, 47), 0, 69, 31, 69), ((1, 48), 0, 68, 32, 68), ((1, 49), 0, 67, 33, 67), ((1, 50), 0, 66, 34, 66), ((1, 51), 0, 65, 35, 65), ((1, 52), 0, 64, 36, 64), ((1, 53), 0, 63, 37, 63), ((1, 54), 0, 62, 38, 62), ((1, 55), 0, 61, 39, 61), ((1, 56), 0, 60, 40, 60), ((1, 57), 0, 59, 41, 59), ((1, 58), 0, 58, 42, 58), ((2, 58), 0, 57, 43, 57), ((3, 58), 0, 56, 44, 56), ((4, 58), 0, 55, 45, 55), ((5, 58), 0, 54, 46, 54), ((6, 58), 0, 53, 47, 53), ((7, 58), 0, 52, 48, 52), ((8, 58), 0, 51, 49, 51), ((9, 58), 0, 50, 50, 50), ((10, 58), 0, 49, 51, 49), ((11, 58), 0, 48, 52, 48), ((12, 58), 0, 47, 53, 47), ((13, 58), 0, 46, 54, 46), ((14, 58), 0, 45, 55, 45), ((15, 58), 0, 44, 56, 44), ((16, 58), 0, 43, 57, 43), ((17, 58), 0, 42, 58, 42), ((18, 58), 0, 41, 59, 41), ((19, 58), 0, 40, 60, 40), ((20, 58), 0, 39, 61, 39), ((21, 58), 0, 38, 62, 38), ((22, 58), 0, 37, 63, 37), ((23, 58), 0, 36, 64, 36), ((24, 58), 0, 35, 65, 35), ((25, 58), 0, 34, 66, 34), ((26, 58), 0, 33, 67, 33), ((27, 58), 0, 32, 68, 32), ((28, 58), 0, 31, 69, 31), ((29, 58), 0, 30, 70, 30), ((30, 58), 0, 29, 71, 29), ((31, 58), 0, 28, 72, 28), ((32, 58), 0, 27, 73, 27), ((33, 58), 0, 26, 74, 26), ((34, 58), 0, 25, 75, 25), ((35, 58), 0, 24, 76, 24), ((36, 58), 0, 23, 77, 23), ((37, 58), 0, 22, 78, 22), ((38, 58), 0, 21, 79, 21), ((39, 58), 0, 20, 80, 20), ((40, 58), 0, 19, 81, 19), ((41, 58), 0, 18, 82, 18), ((42, 58), 0, 17, 83, 17), ((43, 58), 0, 16, 84, 16), ((44, 58), 0, 15, 85, 15), ((45, 58), 0, 14, 86, 14), ((46, 58), 0, 13, 87, 13), ((47, 58), 0, 12, 88, 12), ((48, 58), 0, 11, 89, 11), ((49, 58), 0, 10, 90, 10), ((50, 58), 0, 9, 91, 9), ((51, 58), 0, 8, 92, 8), ((52, 58), 0, 7, 93, 7), ((53, 58), 0, 6, 94, 6), ((54, 58), 0, 5, 95, 5), ((55, 58), 0, 4, 96, 4), ((56, 58), 0, 3, 97, 3), ((57, 58), 0, 2, 98, 2), ((58, 58), 0, 1, 99, 1), ((59, 58), 2, 0, 100, 0)]

greedy_best_first_search euclidean_distance -> Result:
total_distance: 100
time: 0.4375
checked_cells_no: 218
memory: 119
path: [((1, 16), 1, 71.61005515987263, 0, 71.61005515987263), ((2, 16), 0, 70.80254232723568, 1, 70.80254232723568), ((3, 16), 0, 70.0, 2, 70.0), ((4, 16), 0, 69.20260110718382, 3, 69.20260110718382), ((5, 16), 0, 68.41052550594829, 4, 68.41052550594829), ((6, 16), 0, 67.62396025078685, 5, 67.62396025078685), ((7, 16), 0, 66.84309986827361, 6, 66.84309986827361), ((8, 16), 0, 66.06814663663572, 7, 66.06814663663572), ((9, 16), 0, 65.29931086925804, 8, 65.29931086925804), ((10, 16), 0, 64.53681120105021, 9, 64.53681120105021), ((11, 16), 0, 63.7808748764079, 10, 63.7808748764079), ((12, 16), 0, 63.0317380372777, 11, 63.0317380372777), ((13, 16), 0, 62.289646009589745, 12, 62.289646009589745), ((14, 16), 0, 61.554853586049575, 13, 61.554853586049575), ((15, 16), 0, 60.8276253029822, 14, 60.8276253029822), ((16, 16), 0, 60.108235708594876, 15, 60.108235708594876), ((17, 16), 0, 59.39696961966999, 16, 59.39696961966999), ((17, 17), 0, 58.69412236331676, 17, 58.69412236331676), ((18, 17), 0, 57.982756057296896, 18, 57.982756057296896), ((18, 18), 0, 57.28001396647874, 19, 57.28001396647874), ((19, 18), 0, 56.568542494923804, 20, 56.568542494923804), ((19, 19), 0, 55.86591089385369, 21, 55.86591089385369), ((20, 19), 0, 55.154328932550705, 22, 55.154328932550705), ((20, 20), 0, 54.45181356024793, 23, 54.45181356024793), ((21, 20), 0, 53.74011537017761, 24, 53.74011537017761), ((21, 21), 0, 53.03772242470448, 25, 53.03772242470448), ((22, 21), 0, 52.32590180780452, 26, 52.32590180780452), ((22, 22), 0, 51.62363799656123, 27, 51.62363799656123), ((23, 22), 0, 50.91168824543142, 28, 50.91168824543142), ((23, 23), 0, 50.20956084253277, 29, 50.20956084253277), ((24, 23), 0, 49.49747468305833, 30, 49.49747468305833), ((24, 24), 0, 48.79549159502341, 31, 48.79549159502341), ((25, 24), 0, 48.08326112068523, 32, 48.08326112068523), ((25, 25), 0, 47.38143096192854, 33, 47.38143096192854), ((26, 25), 0, 46.66904755831214, 34, 46.66904755831214), ((26, 26), 0, 45.967379738244816, 35, 45.967379738244816), ((27, 26), 0, 45.254833995939045, 36, 45.254833995939045), ((27, 27), 0, 44.553338819890925, 37, 44.553338819890925), ((28, 27), 0, 43.840620433565945, 38, 43.840620433565945), ((28, 28), 0, 43.139309220245984, 39, 43.139309220245984), ((29, 28), 0, 42.42640687119285, 40, 42.42640687119285), ((29, 29), 0, 41.72529209005013, 41, 41.72529209005013), ((30, 29), 0, 41.012193308819754, 42, 41.012193308819754), ((30, 30), 0, 40.311288741492746, 43, 40.311288741492746), ((31, 30), 0, 39.59797974644666, 44, 39.59797974644666), ((31, 31), 0, 38.897300677553446, 45, 38.897300677553446), ((32, 31), 0, 38.18376618407357, 46, 38.18376618407357), ((32, 32), 0, 37.48332962798263, 47, 37.48332962798263), ((33, 32), 0, 36.76955262170047, 48, 36.76955262170047), ((33, 33), 0, 36.069377593742864, 49, 36.069377593742864), ((34, 33), 0, 35.35533905932738, 50, 35.35533905932738), ((34, 34), 0, 34.655446902326915, 51, 34.655446902326915), ((35, 34), 0, 33.94112549695428, 52, 33.94112549695428), ((35, 35), 0, 33.24154027718932, 53, 33.24154027718932), ((36, 35), 0, 32.526911934581186, 54, 32.526911934581186), ((36, 36), 0, 31.827660925679098, 55, 31.827660925679098), ((37, 36), 0, 31.11269837220809, 56, 31.11269837220809), ((37, 37), 0, 30.4138126514911, 57, 30.4138126514911), ((38, 37), 0, 29.698484809834994, 58, 29.698484809834994), ((38, 38), 0, 29.0, 59, 29.0), ((39, 38), 0, 28.284271247461902, 60, 28.284271247461902), ((39, 39), 0, 27.586228448267445, 61, 27.586228448267445), ((40, 39), 0, 26.870057685088806, 62, 26.870057685088806), ((40, 40), 0, 26.1725046566048, 63, 26.1725046566048), ((41, 40), 0, 25.45584412271571, 64, 25.45584412271571), ((41, 41), 0, 24.758836806279895, 65, 24.758836806279895), ((42, 41), 0, 24.041630560342615, 66, 24.041630560342615), ((42, 42), 0, 23.345235059857504, 67, 23.345235059857504), ((43, 42), 0, 22.627416997969522, 68, 22.627416997969522), ((43, 43), 0, 21.93171219946131, 69, 21.93171219946131), ((44, 43), 0, 21.213203435596427, 70, 21.213203435596427), ((44, 44), 0, 20.518284528683193, 71, 20.518284528683193), ((45, 44), 0, 19.79898987322333, 72, 19.79898987322333), ((45, 45), 0, 19.1049731745428, 73, 19.1049731745428), ((46, 45), 0, 18.384776310850235, 74, 18.384776310850235), ((46, 46), 0, 17.69180601295413, 75, 17.69180601295413), ((47, 46), 0, 16.97056274847714, 76, 16.97056274847714), ((47, 47), 0, 16.278820596099706, 77, 16.278820596099706), ((48, 47), 0, 15.556349186104045, 78, 15.556349186104045), ((48, 48), 0, 14.866068747318506, 79, 14.866068747318506), ((49, 48), 0, 14.142135623730951, 80, 14.142135623730951), ((49, 49), 0, 13.45362404707371, 81, 13.45362404707371), ((50, 49), 0, 12.727922061357855, 82, 12.727922061357855), ((50, 50), 0, 12.041594578792296, 83, 12.041594578792296), ((51, 50), 0, 11.313708498984761, 84, 11.313708498984761), ((51, 51), 0, 10.63014581273465, 85, 10.63014581273465), ((52, 51), 0, 9.899494936611665, 86, 9.899494936611665), ((52, 52), 0, 9.219544457292887, 87, 9.219544457292887), ((53, 52), 0, 8.48528137423857, 88, 8.48528137423857), ((53, 53), 0, 7.810249675906654, 89, 7.810249675906654), ((54, 53), 0, 7.0710678118654755, 90, 7.0710678118654755), ((54, 54), 0, 6.4031242374328485, 91, 6.4031242374328485), ((55, 54), 0, 5.656854249492381, 92, 5.656854249492381), ((55, 55), 0, 5.0, 93, 5.0), ((56, 55), 0, 4.242640687119285, 94, 4.242640687119285), ((56, 56), 0, 3.605551275463989, 95, 3.605551275463989), ((57, 56), 0, 2.8284271247461903, 96, 2.8284271247461903), ((57, 57), 0, 2.23606797749979, 97, 2.23606797749979), ((58, 57), 0, 1.4142135623730951, 98, 1.4142135623730951), ((58, 58), 0, 1.0, 99, 1.0), ((59, 58), 2, 0.0, 100, 0.0)]

a_star chebyshev_distance -> Result:
total_distance: 100
time: 14.28125
checked_cells_no: 3357
memory: 134
path: [((1, 16), 1, 58, 0, 58), ((2, 16), 0, 58, 1, 57), ((3, 16), 0, 58, 2, 56), ((4, 16), 0, 58, 3, 55), ((5, 16), 0, 58, 4, 54), ((6, 16), 0, 58, 5, 53), ((7, 16), 0, 58, 6, 52), ((8, 16), 0, 58, 7, 51), ((9, 16), 0, 58, 8, 50), ((10, 16), 0, 58, 9, 49), ((11, 16), 0, 58, 10, 48), ((12, 16), 0, 58, 11, 47), ((13, 16), 0, 58, 12, 46), ((14, 16), 0, 58, 13, 45), ((15, 16), 0, 58, 14, 44), ((16, 16), 0, 58, 15, 43), ((17, 16), 0, 58, 16, 42), ((17, 17), 0, 59, 17, 42), ((18, 17), 0, 59, 18, 41), ((18, 18), 0, 60, 19, 41), ((19, 18), 0, 60, 20, 40), ((19, 19), 0, 61, 21, 40), ((20, 19), 0, 61, 22, 39), ((20, 20), 0, 62, 23, 39), ((21, 20), 0, 62, 24, 38), ((21, 21), 0, 63, 25, 38), ((22, 21), 0, 63, 26, 37), ((22, 22), 0, 64, 27, 37), ((23, 22), 0, 64, 28, 36), ((23, 23), 0, 65, 29, 36), ((24, 23), 0, 65, 30, 35), ((24, 24), 0, 66, 31, 35), ((25, 24), 0, 66, 32, 34), ((25, 25), 0, 67, 33, 34), ((26, 25), 0, 67, 34, 33), ((26, 26), 0, 68, 35, 33), ((27, 26), 0, 68, 36, 32), ((27, 27), 0, 69, 37, 32), ((28, 27), 0, 69, 38, 31), ((28, 28), 0, 70, 39, 31), ((29, 28), 0, 70, 40, 30), ((29, 29), 0, 71, 41, 30), ((30, 29), 0, 71, 42, 29), ((30, 30), 0, 72, 43, 29), ((31, 30), 0, 72, 44, 28), ((31, 31), 0, 73, 45, 28), ((32, 31), 0, 73, 46, 27), ((32, 32), 0, 74, 47, 27), ((33, 32), 0, 74, 48, 26), ((33, 33), 0, 75, 49, 26), ((34, 33), 0, 75, 50, 25), ((34, 34), 0, 76, 51, 25), ((35, 34), 0, 76, 52, 24), ((35, 35), 0, 77, 53, 24), ((36, 35), 0, 77, 54, 23), ((36, 36), 0, 78, 55, 23), ((37, 36), 0, 78, 56, 22), ((37, 37), 0, 79, 57, 22), ((38, 37), 0, 79, 58, 21), ((38, 38), 0, 80, 59, 21), ((39, 38), 0, 80, 60, 20), ((39, 39), 0, 81, 61, 20), ((40, 39), 0, 81, 62, 19), ((40, 40), 0, 82, 63, 19), ((41, 40), 0, 82, 64, 18), ((41, 41), 0, 83, 65, 18), ((42, 41), 0, 83, 66, 17), ((42, 42), 0, 84, 67, 17), ((43, 42), 0, 84, 68, 16), ((43, 43), 0, 85, 69, 16), ((44, 43), 0, 85, 70, 15), ((44, 44), 0, 86, 71, 15), ((45, 44), 0, 86, 72, 14), ((45, 45), 0, 87, 73, 14), ((46, 45), 0, 87, 74, 13), ((46, 46), 0, 88, 75, 13), ((47, 46), 0, 88, 76, 12), ((47, 47), 0, 89, 77, 12), ((48, 47), 0, 89, 78, 11), ((48, 48), 0, 90, 79, 11), ((49, 48), 0, 90, 80, 10), ((49, 49), 0, 91, 81, 10), ((50, 49), 0, 91, 82, 9), ((50, 50), 0, 92, 83, 9), ((51, 50), 0, 92, 84, 8), ((51, 51), 0, 93, 85, 8), ((52, 51), 0, 93, 86, 7), ((52, 52), 0, 94, 87, 7), ((53, 52), 0, 94, 88, 6), ((53, 53), 0, 95, 89, 6), ((54, 53), 0, 95, 90, 5), ((54, 54), 0, 96, 91, 5), ((55, 54), 0, 96, 92, 4), ((55, 55), 0, 97, 93, 4), ((56, 55), 0, 97, 94, 3), ((56, 56), 0, 98, 95, 3), ((57, 56), 0, 98, 96, 2), ((57, 57), 0, 99, 97, 2), ((58, 57), 0, 99, 98, 1), ((58, 58), 0, 100, 99, 1), ((59, 58), 2, 100, 100, 0)]

a_star manhattan_distance -> Result:
total_distance: 100
time: 12.21875
checked_cells_no: 2696
memory: 202
path: [((1, 16), 1, 100, 0, 100), ((1, 17), 0, 100, 1, 99), ((1, 18), 0, 100, 2, 98), ((1, 19), 0, 100, 3, 97), ((1, 20), 0, 100, 4, 96), ((1, 21), 0, 100, 5, 95), ((1, 22), 0, 100, 6, 94), ((1, 23), 0, 100, 7, 93), ((1, 24), 0, 100, 8, 92), ((1, 25), 0, 100, 9, 91), ((1, 26), 0, 100, 10, 90), ((1, 27), 0, 100, 11, 89), ((1, 28), 0, 100, 12, 88), ((1, 29), 0, 100, 13, 87), ((1, 30), 0, 100, 14, 86), ((1, 31), 0, 100, 15, 85), ((1, 32), 0, 100, 16, 84), ((1, 33), 0, 100, 17, 83), ((1, 34), 0, 100, 18, 82), ((1, 35), 0, 100, 19, 81), ((1, 36), 0, 100, 20, 80), ((1, 37), 0, 100, 21, 79), ((1, 38), 0, 100, 22, 78), ((1, 39), 0, 100, 23, 77), ((1, 40), 0, 100, 24, 76), ((1, 41), 0, 100, 25, 75), ((1, 42), 0, 100, 26, 74), ((1, 43), 0, 100, 27, 73), ((1, 44), 0, 100, 28, 72), ((1, 45), 0, 100, 29, 71), ((1, 46), 0, 100, 30, 70), ((1, 47), 0, 100, 31, 69), ((1, 48), 0, 100, 32, 68), ((1, 49), 0, 100, 33, 67), ((1, 50), 0, 100, 34, 66), ((1, 51), 0, 100, 35, 65), ((1, 52), 0, 100, 36, 64), ((1, 53), 0, 100, 37, 63), ((1, 54), 0, 100, 38, 62), ((1, 55), 0, 100, 39, 61), ((1, 56), 0, 100, 40, 60), ((1, 57), 0, 100, 41, 59), ((1, 58), 0, 100, 42, 58), ((2, 58), 0, 100, 43, 57), ((3, 58), 0, 100, 44, 56), ((4, 58), 0, 100, 45, 55), ((5, 58), 0, 100, 46, 54), ((6, 58), 0, 100, 47, 53), ((7, 58), 0, 100, 48, 52), ((8, 58), 0, 100, 49, 51), ((9, 58), 0, 100, 50, 50), ((10, 58), 0, 100, 51, 49), ((11, 58), 0, 100, 52, 48), ((12, 58), 0, 100, 53, 47), ((13, 58), 0, 100, 54, 46), ((14, 58), 0, 100, 55, 45), ((15, 58), 0, 100, 56, 44), ((16, 58), 0, 100, 57, 43), ((17, 58), 0, 100, 58, 42), ((18, 58), 0, 100, 59, 41), ((19, 58), 0, 100, 60, 40), ((20, 58), 0, 100, 61, 39), ((21, 58), 0, 100, 62, 38), ((22, 58), 0, 100, 63, 37), ((23, 58), 0, 100, 64, 36), ((24, 58), 0, 100, 65, 35), ((25, 58), 0, 100, 66, 34), ((26, 58), 0, 100, 67, 33), ((27, 58), 0, 100, 68, 32), ((28, 58), 0, 100, 69, 31), ((29, 58), 0, 100, 70, 30), ((30, 58), 0, 100, 71, 29), ((31, 58), 0, 100, 72, 28), ((32, 58), 0, 100, 73, 27), ((33, 58), 0, 100, 74, 26), ((34, 58), 0, 100, 75, 25), ((35, 58), 0, 100, 76, 24), ((36, 58), 0, 100, 77, 23), ((37, 58), 0, 100, 78, 22), ((38, 58), 0, 100, 79, 21), ((39, 58), 0, 100, 80, 20), ((40, 58), 0, 100, 81, 19), ((41, 58), 0, 100, 82, 18), ((42, 58), 0, 100, 83, 17), ((43, 58), 0, 100, 84, 16), ((44, 58), 0, 100, 85, 15), ((45, 58), 0, 100, 86, 14), ((46, 58), 0, 100, 87, 13), ((47, 58), 0, 100, 88, 12), ((48, 58), 0, 100, 89, 11), ((49, 58), 0, 100, 90, 10), ((50, 58), 0, 100, 91, 9), ((51, 58), 0, 100, 92, 8), ((52, 58), 0, 100, 93, 7), ((53, 58), 0, 100, 94, 6), ((54, 58), 0, 100, 95, 5), ((55, 58), 0, 100, 96, 4), ((56, 58), 0, 100, 97, 3), ((57, 58), 0, 100, 98, 2), ((58, 58), 0, 100, 99, 1), ((59, 58), 2, 100, 100, 0)]

a_star euclidean_distance -> Result:
total_distance: 100
time: 14.296875
checked_cells_no: 3269
memory: 156
path: [((1, 16), 1, 71.61005515987263, 0, 71.61005515987263), ((2, 16), 0, 71.80254232723568, 1, 70.80254232723568), ((3, 16), 0, 72.0, 2, 70.0), ((4, 16), 0, 72.20260110718382, 3, 69.20260110718382), ((5, 16), 0, 72.41052550594829, 4, 68.41052550594829), ((6, 16), 0, 72.62396025078685, 5, 67.62396025078685), ((7, 16), 0, 72.84309986827361, 6, 66.84309986827361), ((8, 16), 0, 73.06814663663572, 7, 66.06814663663572), ((9, 16), 0, 73.29931086925804, 8, 65.29931086925804), ((10, 16), 0, 73.53681120105021, 9, 64.53681120105021), ((11, 16), 0, 73.78087487640789, 10, 63.7808748764079), ((12, 16), 0, 74.0317380372777, 11, 63.0317380372777), ((13, 16), 0, 74.28964600958975, 12, 62.289646009589745), ((14, 16), 0, 74.55485358604957, 13, 61.554853586049575), ((15, 16), 0, 74.8276253029822, 14, 60.8276253029822), ((16, 16), 0, 75.10823570859488, 15, 60.108235708594876), ((17, 16), 0, 75.39696961966999, 16, 59.39696961966999), ((17, 17), 0, 75.69412236331675, 17, 58.69412236331676), ((18, 17), 0, 75.9827560572969, 18, 57.982756057296896), ((18, 18), 0, 76.28001396647875, 19, 57.28001396647874), ((19, 18), 0, 76.5685424949238, 20, 56.568542494923804), ((19, 19), 0, 76.86591089385368, 21, 55.86591089385369), ((20, 19), 0, 77.1543289325507, 22, 55.154328932550705), ((20, 20), 0, 77.45181356024793, 23, 54.45181356024793), ((21, 20), 0, 77.74011537017762, 24, 53.74011537017761), ((21, 21), 0, 78.03772242470447, 25, 53.03772242470448), ((22, 21), 0, 78.32590180780451, 26, 52.32590180780452), ((22, 22), 0, 78.62363799656123, 27, 51.62363799656123), ((23, 22), 0, 78.91168824543142, 28, 50.91168824543142), ((23, 23), 0, 79.20956084253277, 29, 50.20956084253277), ((24, 23), 0, 79.49747468305833, 30, 49.49747468305833), ((24, 24), 0, 79.7954915950234, 31, 48.79549159502341), ((25, 24), 0, 80.08326112068522, 32, 48.08326112068523), ((25, 25), 0, 80.38143096192854, 33, 47.38143096192854), ((26, 25), 0, 80.66904755831214, 34, 46.66904755831214), ((26, 26), 0, 80.96737973824482, 35, 45.967379738244816), ((27, 26), 0, 81.25483399593904, 36, 45.254833995939045), ((27, 27), 0, 81.55333881989093, 37, 44.553338819890925), ((28, 27), 0, 81.84062043356595, 38, 43.840620433565945), ((28, 28), 0, 82.13930922024599, 39, 43.139309220245984), ((29, 28), 0, 82.42640687119285, 40, 42.42640687119285), ((29, 29), 0, 82.72529209005013, 41, 41.72529209005013), ((30, 29), 0, 83.01219330881975, 42, 41.012193308819754), ((30, 30), 0, 83.31128874149275, 43, 40.311288741492746), ((31, 30), 0, 83.59797974644667, 44, 39.59797974644666), ((31, 31), 0, 83.89730067755345, 45, 38.897300677553446), ((32, 31), 0, 84.18376618407356, 46, 38.18376618407357), ((32, 32), 0, 84.48332962798263, 47, 37.48332962798263), ((33, 32), 0, 84.76955262170047, 48, 36.76955262170047), ((33, 33), 0, 85.06937759374287, 49, 36.069377593742864), ((34, 33), 0, 85.35533905932738, 50, 35.35533905932738), ((34, 34), 0, 85.65544690232691, 51, 34.655446902326915), ((35, 34), 0, 85.94112549695427, 52, 33.94112549695428), ((35, 35), 0, 86.24154027718933, 53, 33.24154027718932), ((36, 35), 0, 86.5269119345812, 54, 32.526911934581186), ((36, 36), 0, 86.8276609256791, 55, 31.827660925679098), ((37, 36), 0, 87.11269837220809, 56, 31.11269837220809), ((37, 37), 0, 87.4138126514911, 57, 30.4138126514911), ((38, 37), 0, 87.698484809835, 58, 29.698484809834994), ((38, 38), 0, 88.0, 59, 29.0), ((39, 38), 0, 88.2842712474619, 60, 28.284271247461902), ((39, 39), 0, 88.58622844826745, 61, 27.586228448267445), ((40, 39), 0, 88.87005768508881, 62, 26.870057685088806), ((40, 40), 0, 89.1725046566048, 63, 26.1725046566048), ((41, 40), 0, 89.45584412271572, 64, 25.45584412271571), ((41, 41), 0, 89.7588368062799, 65, 24.758836806279895), ((42, 41), 0, 90.04163056034261, 66, 24.041630560342615), ((42, 42), 0, 90.3452350598575, 67, 23.345235059857504), ((43, 42), 0, 90.62741699796952, 68, 22.627416997969522), ((43, 43), 0, 90.93171219946132, 69, 21.93171219946131), ((44, 43), 0, 91.21320343559643, 70, 21.213203435596427), ((44, 44), 0, 91.5182845286832, 71, 20.518284528683193), ((45, 44), 0, 91.79898987322333, 72, 19.79898987322333), ((45, 45), 0, 92.1049731745428, 73, 19.1049731745428), ((46, 45), 0, 92.38477631085024, 74, 18.384776310850235), ((46, 46), 0, 92.69180601295413, 75, 17.69180601295413), ((47, 46), 0, 92.97056274847714, 76, 16.97056274847714), ((47, 47), 0, 93.2788205960997, 77, 16.278820596099706), ((48, 47), 0, 93.55634918610404, 78, 15.556349186104045), ((48, 48), 0, 93.86606874731851, 79, 14.866068747318506), ((49, 48), 0, 94.14213562373095, 80, 14.142135623730951), ((49, 49), 0, 94.4536240470737, 81, 13.45362404707371), ((50, 49), 0, 94.72792206135786, 82, 12.727922061357855), ((50, 50), 0, 95.0415945787923, 83, 12.041594578792296), ((51, 50), 0, 95.31370849898477, 84, 11.313708498984761), ((51, 51), 0, 95.63014581273465, 85, 10.63014581273465), ((52, 51), 0, 95.89949493661166, 86, 9.899494936611665), ((52, 52), 0, 96.21954445729288, 87, 9.219544457292887), ((53, 52), 0, 96.48528137423857, 88, 8.48528137423857), ((53, 53), 0, 96.81024967590665, 89, 7.810249675906654), ((54, 53), 0, 97.07106781186548, 90, 7.0710678118654755), ((54, 54), 0, 97.40312423743285, 91, 6.4031242374328485), ((55, 54), 0, 97.65685424949238, 92, 5.656854249492381), ((55, 55), 0, 98.0, 93, 5.0), ((56, 55), 0, 98.24264068711929, 94, 4.242640687119285), ((56, 56), 0, 98.605551275464, 95, 3.605551275463989), ((57, 56), 0, 98.82842712474618, 96, 2.8284271247461903), ((57, 57), 0, 99.23606797749979, 97, 2.23606797749979), ((58, 57), 0, 99.41421356237309, 98, 1.4142135623730951), ((58, 58), 0, 100.0, 99, 1.0), ((59, 58), 2, 100.0, 100, 0.0)]

