dfs -> Result:
total_distance: Not Reachable
time: 24.359375
checked_cells_no: 3445
memory: 2501

bfs -> Result:
total_distance: 92
time: 38.4375
checked_cells_no: 4616
memory: 81
path: [((10, 55), 1, 0, 0, inf), ((10, 54), 0, 1, 1, inf), ((10, 53), 0, 2, 2, inf), ((11, 53), 0, 3, 3, inf), ((12, 53), 0, 4, 4, inf), ((12, 52), 0, 5, 5, inf), ((12, 51), 0, 6, 6, inf), ((12, 50), 0, 7, 7, inf), ((12, 49), 0, 8, 8, inf), ((12, 48), 0, 9, 9, inf), ((12, 47), 0, 10, 10, inf), ((12, 46), 0, 11, 11, inf), ((12, 45), 0, 12, 12, inf), ((12, 44), 0, 13, 13, inf), ((13, 44), 0, 14, 14, inf), ((13, 43), 0, 15, 15, inf), ((13, 42), 0, 16, 16, inf), ((13, 41), 0, 17, 17, inf), ((13, 40), 0, 18, 18, inf), ((13, 39), 0, 19, 19, inf), ((13, 38), 0, 20, 20, inf), ((13, 37), 0, 21, 21, inf), ((13, 36), 0, 22, 22, inf), ((13, 35), 0, 23, 23, inf), ((13, 34), 0, 24, 24, inf), ((13, 33), 0, 25, 25, inf), ((14, 33), 0, 26, 26, inf), ((14, 32), 0, 27, 27, inf), ((14, 31), 0, 28, 28, inf), ((14, 30), 0, 29, 29, inf), ((15, 30), 0, 30, 30, inf), ((16, 30), 0, 31, 31, inf), ((17, 30), 0, 32, 32, inf), ((18, 30), 0, 33, 33, inf), ((19, 30), 0, 34, 34, inf), ((20, 30), 0, 35, 35, inf), ((21, 30), 0, 36, 36, inf), ((22, 30), 0, 37, 37, inf), ((23, 30), 0, 38, 38, inf), ((24, 30), 0, 39, 39, inf), ((24, 29), 0, 40, 40, inf), ((24, 28), 0, 41, 41, inf), ((25, 28), 0, 42, 42, inf), ((26, 28), 0, 43, 43, inf), ((26, 27), 0, 44, 44, inf), ((27, 27), 0, 45, 45, inf), ((28, 27), 0, 46, 46, inf), ((29, 27), 0, 47, 47, inf), ((30, 27), 0, 48, 48, inf), ((30, 26), 0, 49, 49, inf), ((31, 26), 0, 50, 50, inf), ((32, 26), 0, 51, 51, inf), ((33, 26), 0, 52, 52, inf), ((34, 26), 0, 53, 53, inf), ((34, 25), 0, 54, 54, inf), ((34, 24), 0, 55, 55, inf), ((35, 24), 0, 56, 56, inf), ((36, 24), 0, 57, 57, inf), ((37, 24), 0, 58, 58, inf), ((37, 23), 0, 59, 59, inf), ((38, 23), 0, 60, 60, inf), ((39, 23), 0, 61, 61, inf), ((40, 23), 0, 62, 62, inf), ((41, 23), 0, 63, 63, inf), ((42, 23), 0, 64, 64, inf), ((43, 23), 0, 65, 65, inf), ((44, 23), 0, 66, 66, inf), ((45, 23), 0, 67, 67, inf), ((46, 23), 0, 68, 68, inf), ((47, 23), 0, 69, 69, inf), ((47, 22), 0, 70, 70, inf), ((48, 22), 0, 71, 71, inf), ((49, 22), 0, 72, 72, inf), ((50, 22), 0, 73, 73, inf), ((51, 22), 0, 74, 74, inf), ((52, 22), 0, 75, 75, inf), ((53, 22), 0, 76, 76, inf), ((54, 22), 0, 77, 77, inf), ((54, 21), 0, 78, 78, inf), ((55, 21), 0, 79, 79, inf), ((55, 20), 0, 80, 80, inf), ((56, 20), 0, 81, 81, inf), ((57, 20), 0, 82, 82, inf), ((58, 20), 0, 83, 83, inf), ((59, 20), 0, 84, 84, inf), ((60, 20), 0, 85, 85, inf), ((61, 20), 0, 86, 86, inf), ((62, 20), 0, 87, 87, inf), ((63, 20), 0, 88, 88, inf), ((64, 20), 0, 89, 89, inf), ((65, 20), 0, 90, 90, inf), ((66, 20), 0, 91, 91, inf), ((67, 20), 2, 92, 92, inf)]

greedy_best_first_search chebyshev_distance -> Result:
total_distance: 92
time: 0.859375
checked_cells_no: 197
memory: 106
path: [((10, 55), 1, 57, 0, 57), ((11, 55), 0, 56, 1, 56), ((12, 55), 0, 55, 2, 55), ((13, 55), 0, 54, 3, 54), ((14, 55), 0, 53, 4, 53), ((15, 55), 0, 52, 5, 52), ((16, 55), 0, 51, 6, 51), ((17, 55), 0, 50, 7, 50), ((17, 54), 0, 50, 8, 50), ((18, 54), 0, 49, 9, 49), ((19, 54), 0, 48, 10, 48), ((20, 54), 0, 47, 11, 47), ((21, 54), 0, 46, 12, 46), ((22, 54), 0, 45, 13, 45), ((23, 54), 0, 44, 14, 44), ((24, 54), 0, 43, 15, 43), ((25, 54), 0, 42, 16, 42), ((26, 54), 0, 41, 17, 41), ((27, 54), 0, 40, 18, 40), ((28, 54), 0, 39, 19, 39), ((29, 54), 0, 38, 20, 38), ((30, 54), 0, 37, 21, 37), ((31, 54), 0, 36, 22, 36), ((32, 54), 0, 35, 23, 35), ((33, 54), 0, 34, 24, 34), ((33, 53), 0, 34, 25, 34), ((34, 53), 0, 33, 26, 33), ((34, 52), 0, 33, 27, 33), ((35, 52), 0, 32, 28, 32), ((35, 51), 0, 32, 29, 32), ((35, 50), 0, 32, 30, 32), ((36, 50), 0, 31, 31, 31), ((37, 50), 0, 30, 32, 30), ((37, 49), 0, 30, 33, 30), ((38, 49), 0, 29, 34, 29), ((38, 48), 0, 29, 35, 29), ((39, 48), 0, 28, 36, 28), ((39, 47), 0, 28, 37, 28), ((40, 47), 0, 27, 38, 27), ((40, 46), 0, 27, 39, 27), ((40, 45), 0, 27, 40, 27), ((41, 45), 0, 26, 41, 26), ((42, 45), 0, 25, 42, 25), ((42, 44), 0, 25, 43, 25), ((43, 44), 0, 24, 44, 24), ((43, 43), 0, 24, 45, 24), ((44, 43), 0, 23, 46, 23), ((45, 43), 0, 23, 47, 23), ((46, 43), 0, 23, 48, 23), ((46, 42), 0, 22, 49, 22), ((46, 41), 0, 21, 50, 21), ((46, 40), 0, 21, 51, 21), ((47, 40), 0, 20, 52, 20), ((47, 39), 0, 20, 53, 20), ((48, 39), 0, 19, 54, 19), ((48, 38), 0, 19, 55, 19), ((49, 38), 0, 18, 56, 18), ((49, 37), 0, 18, 57, 18), ((50, 37), 0, 17, 58, 17), ((50, 36), 0, 17, 59, 17), ((51, 36), 0, 16, 60, 16), ((51, 35), 0, 16, 61, 16), ((52, 35), 0, 15, 62, 15), ((52, 34), 0, 15, 63, 15), ((53, 34), 0, 14, 64, 14), ((53, 33), 0, 14, 65, 14), ((54, 33), 0, 13, 66, 13), ((54, 32), 0, 13, 67, 13), ((55, 32), 0, 12, 68, 12), ((55, 31), 0, 12, 69, 12), ((56, 31), 0, 11, 70, 11), ((57, 31), 0, 11, 71, 11), ((58, 31), 0, 11, 72, 11), ((58, 30), 0, 10, 73, 10), ((58, 29), 0, 9, 74, 9), ((58, 28), 0, 9, 75, 9), ((59, 28), 0, 8, 76, 8), ((59, 27), 0, 8, 77, 8), ((60, 27), 0, 7, 78, 7), ((60, 26), 0, 7, 79, 7), ((61, 26), 0, 6, 80, 6), ((61, 25), 0, 6, 81, 6), ((61, 24), 0, 6, 82, 6), ((62, 24), 0, 5, 83, 5), ((62, 23), 0, 5, 84, 5), ((62, 22), 0, 5, 85, 5), ((63, 22), 0, 4, 86, 4), ((64, 22), 0, 3, 87, 3), ((65, 22), 0, 2, 88, 2), ((65, 21), 0, 2, 89, 2), ((66, 21), 0, 1, 90, 1), ((66, 20), 0, 1, 91, 1), ((67, 20), 2, 0, 92, 0)]

greedy_best_first_search manhattan_distance -> Result:
total_distance: 96
time: 1.15625
checked_cells_no: 244
memory: 147
path: [((10, 55), 1, 92, 0, 92), ((10, 54), 0, 91, 1, 91), ((10, 53), 0, 90, 2, 90), ((11, 53), 0, 89, 3, 89), ((12, 53), 0, 88, 4, 88), ((12, 52), 0, 87, 5, 87), ((12, 51), 0, 86, 6, 86), ((12, 50), 0, 85, 7, 85), ((12, 49), 0, 84, 8, 84), ((12, 48), 0, 83, 9, 83), ((12, 47), 0, 82, 10, 82), ((12, 46), 0, 81, 11, 81), ((12, 45), 0, 80, 12, 80), ((12, 44), 0, 79, 13, 79), ((13, 44), 0, 78, 14, 78), ((13, 43), 0, 77, 15, 77), ((13, 42), 0, 76, 16, 76), ((13, 41), 0, 75, 17, 75), ((13, 40), 0, 74, 18, 74), ((13, 39), 0, 73, 19, 73), ((13, 38), 0, 72, 20, 72), ((13, 37), 0, 71, 21, 71), ((13, 36), 0, 70, 22, 70), ((13, 35), 0, 69, 23, 69), ((13, 34), 0, 68, 24, 68), ((13, 33), 0, 67, 25, 67), ((14, 33), 0, 66, 26, 66), ((14, 32), 0, 65, 27, 65), ((14, 31), 0, 64, 28, 64), ((14, 30), 0, 63, 29, 63), ((14, 29), 0, 62, 30, 62), ((14, 28), 0, 61, 31, 61), ((15, 28), 0, 60, 32, 60), ((15, 27), 0, 59, 33, 59), ((15, 26), 0, 58, 34, 58), ((15, 25), 0, 57, 35, 57), ((15, 24), 0, 56, 36, 56), ((15, 23), 0, 55, 37, 55), ((15, 22), 0, 54, 38, 54), ((16, 22), 0, 53, 39, 53), ((16, 21), 0, 52, 40, 52), ((16, 20), 0, 51, 41, 51), ((17, 20), 0, 50, 42, 50), ((18, 20), 0, 49, 43, 49), ((19, 20), 0, 48, 44, 48), ((20, 20), 0, 47, 45, 47), ((21, 20), 0, 46, 46, 46), ((22, 20), 0, 45, 47, 45), ((23, 20), 0, 44, 48, 44), ((24, 20), 0, 43, 49, 43), ((25, 20), 0, 42, 50, 42), ((26, 20), 0, 41, 51, 41), ((27, 20), 0, 40, 52, 40), ((28, 20), 0, 39, 53, 39), ((29, 20), 0, 38, 54, 38), ((30, 20), 0, 37, 55, 37), ((31, 20), 0, 36, 56, 36), ((32, 20), 0, 35, 57, 35), ((33, 20), 0, 34, 58, 34), ((34, 20), 0, 33, 59, 33), ((35, 20), 0, 32, 60, 32), ((36, 20), 0, 31, 61, 31), ((36, 21), 0, 32, 62, 32), ((37, 21), 0, 31, 63, 31), ((38, 21), 0, 30, 64, 30), ((38, 20), 0, 29, 65, 29), ((39, 20), 0, 28, 66, 28), ((40, 20), 0, 27, 67, 27), ((41, 20), 0, 26, 68, 26), ((42, 20), 0, 25, 69, 25), ((43, 20), 0, 24, 70, 24), ((44, 20), 0, 23, 71, 23), ((45, 20), 0, 22, 72, 22), ((46, 20), 0, 21, 73, 21), ((47, 20), 0, 20, 74, 20), ((48, 20), 0, 19, 75, 19), ((49, 20), 0, 18, 76, 18), ((50, 20), 0, 17, 77, 17), ((51, 20), 0, 16, 78, 16), ((52, 20), 0, 15, 79, 15), ((53, 20), 0, 14, 80, 14), ((53, 19), 0, 15, 81, 15), ((54, 19), 0, 14, 82, 14), ((55, 19), 0, 13, 83, 13), ((55, 20), 0, 12, 84, 12), ((56, 20), 0, 11, 85, 11), ((57, 20), 0, 10, 86, 10), ((58, 20), 0, 9, 87, 9), ((59, 20), 0, 8, 88, 8), ((60, 20), 0, 7, 89, 7), ((61, 20), 0, 6, 90, 6), ((62, 20), 0, 5, 91, 5), ((63, 20), 0, 4, 92, 4), ((64, 20), 0, 3, 93, 3), ((65, 20), 0, 2, 94, 2), ((66, 20), 0, 1, 95, 1), ((67, 20), 2, 0, 96, 0)]

greedy_best_first_search euclidean_distance -> Result:
total_distance: 92
time: 0.78125
checked_cells_no: 197
memory: 106
path: [((10, 55), 1, 66.88796603276258, 0, 66.88796603276258), ((11, 55), 0, 66.03786792439622, 1, 66.03786792439622), ((12, 55), 0, 65.19202405202648, 2, 65.19202405202648), ((13, 55), 0, 64.35060217278468, 3, 64.35060217278468), ((14, 55), 0, 63.51377803280167, 4, 63.51377803280167), ((15, 55), 0, 62.68173577685928, 5, 62.68173577685928), ((16, 55), 0, 61.85466837676846, 6, 61.85466837676846), ((17, 55), 0, 61.032778078668514, 7, 61.032778078668514), ((17, 54), 0, 60.4648658313239, 8, 60.4648658313239), ((18, 54), 0, 59.64059020499378, 9, 59.64059020499378), ((19, 54), 0, 58.82176467941097, 10, 58.82176467941097), ((20, 54), 0, 58.008620049092706, 11, 58.008620049092706), ((21, 54), 0, 57.201398584300364, 12, 57.201398584300364), ((22, 54), 0, 56.4003546088143, 13, 56.4003546088143), ((23, 54), 0, 55.60575509783138, 14, 55.60575509783138), ((24, 54), 0, 54.817880294662984, 15, 54.817880294662984), ((25, 54), 0, 54.037024344425184, 16, 54.037024344425184), ((26, 54), 0, 53.2634959423431, 17, 53.2634959423431), ((27, 54), 0, 52.49761899362675, 18, 52.49761899362675), ((28, 54), 0, 51.73973328110612, 19, 51.73973328110612), ((29, 54), 0, 50.99019513592785, 20, 50.99019513592785), ((30, 54), 0, 50.24937810560445, 21, 50.24937810560445), ((31, 54), 0, 49.51767361255979, 22, 49.51767361255979), ((32, 54), 0, 48.79549159502341, 23, 48.79549159502341), ((33, 54), 0, 48.08326112068523, 24, 48.08326112068523), ((33, 53), 0, 47.38143096192854, 25, 47.38143096192854), ((34, 53), 0, 46.66904755831214, 26, 46.66904755831214), ((34, 52), 0, 45.967379738244816, 27, 45.967379738244816), ((35, 52), 0, 45.254833995939045, 28, 45.254833995939045), ((35, 51), 0, 44.553338819890925, 29, 44.553338819890925), ((35, 50), 0, 43.86342439892262, 30, 43.86342439892262), ((36, 50), 0, 43.139309220245984, 31, 43.139309220245984), ((37, 50), 0, 42.42640687119285, 32, 42.42640687119285), ((37, 49), 0, 41.72529209005013, 33, 41.72529209005013), ((38, 49), 0, 41.012193308819754, 34, 41.012193308819754), ((38, 48), 0, 40.311288741492746, 35, 40.311288741492746), ((39, 48), 0, 39.59797974644666, 36, 39.59797974644666), ((39, 47), 0, 38.897300677553446, 37, 38.897300677553446), ((40, 47), 0, 38.18376618407357, 38, 38.18376618407357), ((40, 46), 0, 37.48332962798263, 39, 37.48332962798263), ((40, 45), 0, 36.796738985948195, 40, 36.796738985948195), ((41, 45), 0, 36.069377593742864, 41, 36.069377593742864), ((42, 45), 0, 35.35533905932738, 42, 35.35533905932738), ((42, 44), 0, 34.655446902326915, 43, 34.655446902326915), ((43, 44), 0, 33.94112549695428, 44, 33.94112549695428), ((43, 43), 0, 33.24154027718932, 45, 33.24154027718932), ((44, 43), 0, 32.526911934581186, 46, 32.526911934581186), ((45, 43), 0, 31.827660925679098, 47, 31.827660925679098), ((46, 43), 0, 31.144823004794873, 48, 31.144823004794873), ((46, 42), 0, 30.4138126514911, 49, 30.4138126514911), ((46, 41), 0, 29.698484809834994, 50, 29.698484809834994), ((46, 40), 0, 29.0, 51, 29.0), ((47, 40), 0, 28.284271247461902, 52, 28.284271247461902), ((47, 39), 0, 27.586228448267445, 53, 27.586228448267445), ((48, 39), 0, 26.870057685088806, 54, 26.870057685088806), ((48, 38), 0, 26.1725046566048, 55, 26.1725046566048), ((49, 38), 0, 25.45584412271571, 56, 25.45584412271571), ((49, 37), 0, 24.758836806279895, 57, 24.758836806279895), ((50, 37), 0, 24.041630560342615, 58, 24.041630560342615), ((50, 36), 0, 23.345235059857504, 59, 23.345235059857504), ((51, 36), 0, 22.627416997969522, 60, 22.627416997969522), ((51, 35), 0, 21.93171219946131, 61, 21.93171219946131), ((52, 35), 0, 21.213203435596427, 62, 21.213203435596427), ((52, 34), 0, 20.518284528683193, 63, 20.518284528683193), ((53, 34), 0, 19.79898987322333, 64, 19.79898987322333), ((53, 33), 0, 19.1049731745428, 65, 19.1049731745428), ((54, 33), 0, 18.384776310850235, 66, 18.384776310850235), ((54, 32), 0, 17.69180601295413, 67, 17.69180601295413), ((55, 32), 0, 16.97056274847714, 68, 16.97056274847714), ((55, 31), 0, 16.278820596099706, 69, 16.278820596099706), ((56, 31), 0, 15.556349186104045, 70, 15.556349186104045), ((57, 31), 0, 14.866068747318506, 71, 14.866068747318506), ((58, 31), 0, 14.212670403551895, 72, 14.212670403551895), ((58, 30), 0, 13.45362404707371, 73, 13.45362404707371), ((58, 29), 0, 12.727922061357855, 74, 12.727922061357855), ((58, 28), 0, 12.041594578792296, 75, 12.041594578792296), ((59, 28), 0, 11.313708498984761, 76, 11.313708498984761), ((59, 27), 0, 10.63014581273465, 77, 10.63014581273465), ((60, 27), 0, 9.899494936611665, 78, 9.899494936611665), ((60, 26), 0, 9.219544457292887, 79, 9.219544457292887), ((61, 26), 0, 8.48528137423857, 80, 8.48528137423857), ((61, 25), 0, 7.810249675906654, 81, 7.810249675906654), ((61, 24), 0, 7.211102550927978, 82, 7.211102550927978), ((62, 24), 0, 6.4031242374328485, 83, 6.4031242374328485), ((62, 23), 0, 5.830951894845301, 84, 5.830951894845301), ((62, 22), 0, 5.385164807134504, 85, 5.385164807134504), ((63, 22), 0, 4.47213595499958, 86, 4.47213595499958), ((64, 22), 0, 3.605551275463989, 87, 3.605551275463989), ((65, 22), 0, 2.8284271247461903, 88, 2.8284271247461903), ((65, 21), 0, 2.23606797749979, 89, 2.23606797749979), ((66, 21), 0, 1.4142135623730951, 90, 1.4142135623730951), ((66, 20), 0, 1.0, 91, 1.0), ((67, 20), 2, 0.0, 92, 0.0)]

a_star chebyshev_distance -> Result:
total_distance: 92
time: 22.578125
checked_cells_no: 2853
memory: 129
path: [((10, 55), 1, 57, 0, 57), ((11, 55), 0, 57, 1, 56), ((12, 55), 0, 57, 2, 55), ((13, 55), 0, 57, 3, 54), ((14, 55), 0, 57, 4, 53), ((15, 55), 0, 57, 5, 52), ((16, 55), 0, 57, 6, 51), ((17, 55), 0, 57, 7, 50), ((17, 54), 0, 58, 8, 50), ((18, 54), 0, 58, 9, 49), ((19, 54), 0, 58, 10, 48), ((20, 54), 0, 58, 11, 47), ((21, 54), 0, 58, 12, 46), ((22, 54), 0, 58, 13, 45), ((23, 54), 0, 58, 14, 44), ((24, 54), 0, 58, 15, 43), ((25, 54), 0, 58, 16, 42), ((26, 54), 0, 58, 17, 41), ((27, 54), 0, 58, 18, 40), ((28, 54), 0, 58, 19, 39), ((29, 54), 0, 58, 20, 38), ((30, 54), 0, 58, 21, 37), ((31, 54), 0, 58, 22, 36), ((32, 54), 0, 58, 23, 35), ((33, 54), 0, 58, 24, 34), ((33, 53), 0, 59, 25, 34), ((34, 53), 0, 59, 26, 33), ((34, 52), 0, 60, 27, 33), ((35, 52), 0, 60, 28, 32), ((35, 51), 0, 61, 29, 32), ((35, 50), 0, 62, 30, 32), ((36, 50), 0, 62, 31, 31), ((37, 50), 0, 62, 32, 30), ((37, 49), 0, 63, 33, 30), ((38, 49), 0, 63, 34, 29), ((38, 48), 0, 64, 35, 29), ((39, 48), 0, 64, 36, 28), ((39, 47), 0, 65, 37, 28), ((40, 47), 0, 65, 38, 27), ((40, 46), 0, 66, 39, 27), ((40, 45), 0, 67, 40, 27), ((41, 45), 0, 67, 41, 26), ((42, 45), 0, 67, 42, 25), ((42, 44), 0, 68, 43, 25), ((43, 44), 0, 68, 44, 24), ((43, 43), 0, 69, 45, 24), ((43, 42), 0, 70, 46, 24), ((43, 41), 0, 71, 47, 24), ((44, 41), 0, 71, 48, 23), ((45, 41), 0, 71, 49, 22), ((46, 41), 0, 71, 50, 21), ((46, 40), 0, 72, 51, 21), ((47, 40), 0, 72, 52, 20), ((47, 39), 0, 73, 53, 20), ((48, 39), 0, 73, 54, 19), ((48, 38), 0, 74, 55, 19), ((49, 38), 0, 74, 56, 18), ((49, 37), 0, 75, 57, 18), ((50, 37), 0, 75, 58, 17), ((50, 36), 0, 76, 59, 17), ((51, 36), 0, 76, 60, 16), ((51, 35), 0, 77, 61, 16), ((52, 35), 0, 77, 62, 15), ((52, 34), 0, 78, 63, 15), ((53, 34), 0, 78, 64, 14), ((53, 33), 0, 79, 65, 14), ((54, 33), 0, 79, 66, 13), ((54, 32), 0, 80, 67, 13), ((55, 32), 0, 80, 68, 12), ((55, 31), 0, 81, 69, 12), ((55, 30), 0, 82, 70, 12), ((55, 29), 0, 83, 71, 12), ((56, 29), 0, 83, 72, 11), ((57, 29), 0, 83, 73, 10), ((58, 29), 0, 83, 74, 9), ((58, 28), 0, 84, 75, 9), ((59, 28), 0, 84, 76, 8), ((59, 27), 0, 85, 77, 8), ((60, 27), 0, 85, 78, 7), ((60, 26), 0, 86, 79, 7), ((61, 26), 0, 86, 80, 6), ((62, 26), 0, 87, 81, 6), ((63, 26), 0, 88, 82, 6), ((63, 25), 0, 88, 83, 5), ((64, 25), 0, 89, 84, 5), ((64, 24), 0, 89, 85, 4), ((64, 23), 0, 89, 86, 3), ((64, 22), 0, 90, 87, 3), ((65, 22), 0, 90, 88, 2), ((65, 21), 0, 91, 89, 2), ((66, 21), 0, 91, 90, 1), ((66, 20), 0, 92, 91, 1), ((67, 20), 2, 92, 92, 0)]

a_star manhattan_distance -> Result:
total_distance: 92
time: 9.8125
checked_cells_no: 1780
memory: 259
path: [((10, 55), 1, 92, 0, 92), ((10, 54), 0, 92, 1, 91), ((10, 53), 0, 92, 2, 90), ((11, 53), 0, 92, 3, 89), ((12, 53), 0, 92, 4, 88), ((12, 52), 0, 92, 5, 87), ((12, 51), 0, 92, 6, 86), ((12, 50), 0, 92, 7, 85), ((12, 49), 0, 92, 8, 84), ((12, 48), 0, 92, 9, 83), ((12, 47), 0, 92, 10, 82), ((12, 46), 0, 92, 11, 81), ((12, 45), 0, 92, 12, 80), ((12, 44), 0, 92, 13, 79), ((13, 44), 0, 92, 14, 78), ((13, 43), 0, 92, 15, 77), ((13, 42), 0, 92, 16, 76), ((13, 41), 0, 92, 17, 75), ((13, 40), 0, 92, 18, 74), ((13, 39), 0, 92, 19, 73), ((13, 38), 0, 92, 20, 72), ((13, 37), 0, 92, 21, 71), ((13, 36), 0, 92, 22, 70), ((13, 35), 0, 92, 23, 69), ((13, 34), 0, 92, 24, 68), ((13, 33), 0, 92, 25, 67), ((14, 33), 0, 92, 26, 66), ((14, 32), 0, 92, 27, 65), ((14, 31), 0, 92, 28, 64), ((14, 30), 0, 92, 29, 63), ((15, 30), 0, 92, 30, 62), ((16, 30), 0, 92, 31, 61), ((17, 30), 0, 92, 32, 60), ((18, 30), 0, 92, 33, 59), ((19, 30), 0, 92, 34, 58), ((20, 30), 0, 92, 35, 57), ((21, 30), 0, 92, 36, 56), ((22, 30), 0, 92, 37, 55), ((23, 30), 0, 92, 38, 54), ((24, 30), 0, 92, 39, 53), ((24, 29), 0, 92, 40, 52), ((24, 28), 0, 92, 41, 51), ((25, 28), 0, 92, 42, 50), ((26, 28), 0, 92, 43, 49), ((26, 27), 0, 92, 44, 48), ((27, 27), 0, 92, 45, 47), ((28, 27), 0, 92, 46, 46), ((29, 27), 0, 92, 47, 45), ((30, 27), 0, 92, 48, 44), ((30, 26), 0, 92, 49, 43), ((31, 26), 0, 92, 50, 42), ((32, 26), 0, 92, 51, 41), ((33, 26), 0, 92, 52, 40), ((34, 26), 0, 92, 53, 39), ((34, 25), 0, 92, 54, 38), ((34, 24), 0, 92, 55, 37), ((35, 24), 0, 92, 56, 36), ((36, 24), 0, 92, 57, 35), ((37, 24), 0, 92, 58, 34), ((37, 23), 0, 92, 59, 33), ((38, 23), 0, 92, 60, 32), ((39, 23), 0, 92, 61, 31), ((40, 23), 0, 92, 62, 30), ((41, 23), 0, 92, 63, 29), ((42, 23), 0, 92, 64, 28), ((43, 23), 0, 92, 65, 27), ((44, 23), 0, 92, 66, 26), ((45, 23), 0, 92, 67, 25), ((46, 23), 0, 92, 68, 24), ((47, 23), 0, 92, 69, 23), ((47, 22), 0, 92, 70, 22), ((48, 22), 0, 92, 71, 21), ((49, 22), 0, 92, 72, 20), ((50, 22), 0, 92, 73, 19), ((51, 22), 0, 92, 74, 18), ((52, 22), 0, 92, 75, 17), ((53, 22), 0, 92, 76, 16), ((54, 22), 0, 92, 77, 15), ((54, 21), 0, 92, 78, 14), ((55, 21), 0, 92, 79, 13), ((55, 20), 0, 92, 80, 12), ((56, 20), 0, 92, 81, 11), ((57, 20), 0, 92, 82, 10), ((58, 20), 0, 92, 83, 9), ((59, 20), 0, 92, 84, 8), ((60, 20), 0, 92, 85, 7), ((61, 20), 0, 92, 86, 6), ((62, 20), 0, 92, 87, 5), ((63, 20), 0, 92, 88, 4), ((64, 20), 0, 92, 89, 3), ((65, 20), 0, 92, 90, 2), ((66, 20), 0, 92, 91, 1), ((67, 20), 2, 92, 92, 0)]

a_star euclidean_distance -> Result:
total_distance: 92
time: 16.953125
checked_cells_no: 2659
memory: 152
path: [((10, 55), 1, 66.88796603276258, 0, 66.88796603276258), ((11, 55), 0, 67.03786792439622, 1, 66.03786792439622), ((12, 55), 0, 67.19202405202648, 2, 65.19202405202648), ((13, 55), 0, 67.35060217278468, 3, 64.35060217278468), ((14, 55), 0, 67.51377803280167, 4, 63.51377803280167), ((15, 55), 0, 67.68173577685928, 5, 62.68173577685928), ((16, 55), 0, 67.85466837676846, 6, 61.85466837676846), ((17, 55), 0, 68.03277807866851, 7, 61.032778078668514), ((17, 54), 0, 68.46486583132389, 8, 60.4648658313239), ((18, 54), 0, 68.64059020499377, 9, 59.64059020499378), ((19, 54), 0, 68.82176467941096, 10, 58.82176467941097), ((20, 54), 0, 69.00862004909271, 11, 58.008620049092706), ((21, 54), 0, 69.20139858430036, 12, 57.201398584300364), ((22, 54), 0, 69.4003546088143, 13, 56.4003546088143), ((23, 54), 0, 69.60575509783138, 14, 55.60575509783138), ((24, 54), 0, 69.81788029466298, 15, 54.817880294662984), ((25, 54), 0, 70.03702434442519, 16, 54.037024344425184), ((26, 54), 0, 70.2634959423431, 17, 53.2634959423431), ((27, 54), 0, 70.49761899362676, 18, 52.49761899362675), ((28, 54), 0, 70.73973328110611, 19, 51.73973328110612), ((29, 54), 0, 70.99019513592785, 20, 50.99019513592785), ((30, 54), 0, 71.24937810560445, 21, 50.24937810560445), ((31, 54), 0, 71.51767361255979, 22, 49.51767361255979), ((32, 54), 0, 71.7954915950234, 23, 48.79549159502341), ((33, 54), 0, 72.08326112068522, 24, 48.08326112068523), ((33, 53), 0, 72.38143096192854, 25, 47.38143096192854), ((34, 53), 0, 72.66904755831214, 26, 46.66904755831214), ((34, 52), 0, 72.96737973824482, 27, 45.967379738244816), ((35, 52), 0, 73.25483399593904, 28, 45.254833995939045), ((35, 51), 0, 73.55333881989093, 29, 44.553338819890925), ((35, 50), 0, 73.86342439892262, 30, 43.86342439892262), ((36, 50), 0, 74.13930922024599, 31, 43.139309220245984), ((37, 50), 0, 74.42640687119285, 32, 42.42640687119285), ((37, 49), 0, 74.72529209005013, 33, 41.72529209005013), ((38, 49), 0, 75.01219330881975, 34, 41.012193308819754), ((38, 48), 0, 75.31128874149275, 35, 40.311288741492746), ((39, 48), 0, 75.59797974644667, 36, 39.59797974644666), ((39, 47), 0, 75.89730067755345, 37, 38.897300677553446), ((40, 47), 0, 76.18376618407356, 38, 38.18376618407357), ((40, 46), 0, 76.48332962798263, 39, 37.48332962798263), ((40, 45), 0, 76.7967389859482, 40, 36.796738985948195), ((41, 45), 0, 77.06937759374287, 41, 36.069377593742864), ((42, 45), 0, 77.35533905932738, 42, 35.35533905932738), ((42, 44), 0, 77.65544690232691, 43, 34.655446902326915), ((43, 44), 0, 77.94112549695427, 44, 33.94112549695428), ((43, 43), 0, 78.24154027718933, 45, 33.24154027718932), ((43, 42), 0, 78.55764119219941, 46, 32.55764119219941), ((43, 41), 0, 78.89043743820395, 47, 31.89043743820395), ((44, 41), 0, 79.14482300479487, 48, 31.144823004794873), ((45, 41), 0, 79.4138126514911, 49, 30.4138126514911), ((46, 41), 0, 79.698484809835, 50, 29.698484809834994), ((46, 40), 0, 80.0, 51, 29.0), ((47, 40), 0, 80.2842712474619, 52, 28.284271247461902), ((47, 39), 0, 80.58622844826745, 53, 27.586228448267445), ((48, 39), 0, 80.87005768508881, 54, 26.870057685088806), ((48, 38), 0, 81.1725046566048, 55, 26.1725046566048), ((49, 38), 0, 81.45584412271572, 56, 25.45584412271571), ((49, 37), 0, 81.7588368062799, 57, 24.758836806279895), ((50, 37), 0, 82.04163056034261, 58, 24.041630560342615), ((50, 36), 0, 82.3452350598575, 59, 23.345235059857504), ((51, 36), 0, 82.62741699796952, 60, 22.627416997969522), ((51, 35), 0, 82.93171219946132, 61, 21.93171219946131), ((52, 35), 0, 83.21320343559643, 62, 21.213203435596427), ((52, 34), 0, 83.5182845286832, 63, 20.518284528683193), ((53, 34), 0, 83.79898987322333, 64, 19.79898987322333), ((53, 33), 0, 84.1049731745428, 65, 19.1049731745428), ((54, 33), 0, 84.38477631085024, 66, 18.384776310850235), ((54, 32), 0, 84.69180601295413, 67, 17.69180601295413), ((55, 32), 0, 84.97056274847714, 68, 16.97056274847714), ((55, 31), 0, 85.2788205960997, 69, 16.278820596099706), ((55, 30), 0, 85.62049935181331, 70, 15.620499351813308), ((55, 29), 0, 86.0, 71, 15.0), ((56, 29), 0, 86.2126704035519, 72, 14.212670403551895), ((57, 29), 0, 86.4536240470737, 73, 13.45362404707371), ((58, 29), 0, 86.72792206135786, 74, 12.727922061357855), ((58, 28), 0, 87.0415945787923, 75, 12.041594578792296), ((59, 28), 0, 87.31370849898477, 76, 11.313708498984761), ((59, 27), 0, 87.63014581273465, 77, 10.63014581273465), ((60, 27), 0, 87.89949493661166, 78, 9.899494936611665), ((60, 26), 0, 88.21954445729288, 79, 9.219544457292887), ((61, 26), 0, 88.48528137423857, 80, 8.48528137423857), ((62, 26), 0, 88.81024967590665, 81, 7.810249675906654), ((63, 26), 0, 89.21110255092798, 82, 7.211102550927978), ((63, 25), 0, 89.40312423743285, 83, 6.4031242374328485), ((64, 25), 0, 89.8309518948453, 84, 5.830951894845301), ((64, 24), 0, 90.0, 85, 5.0), ((64, 23), 0, 90.24264068711929, 86, 4.242640687119285), ((64, 22), 0, 90.605551275464, 87, 3.605551275463989), ((65, 22), 0, 90.82842712474618, 88, 2.8284271247461903), ((65, 21), 0, 91.23606797749979, 89, 2.23606797749979), ((66, 21), 0, 91.41421356237309, 90, 1.4142135623730951), ((66, 20), 0, 92.0, 91, 1.0), ((67, 20), 2, 92.0, 92, 0.0)]

