dfs -> Result:
total_distance: Not Reachable
time: 29.640625
checked_cells_no: 3844
memory: 2501

bfs -> Result:
total_distance: 118
time: 53.9375
checked_cells_no: 6378
memory: 96
path: [((18, 15), 1, 0, 0, inf), ((18, 16), 0, 1, 1, inf), ((18, 17), 0, 2, 2, inf), ((18, 18), 0, 3, 3, inf), ((18, 19), 0, 4, 4, inf), ((18, 20), 0, 5, 5, inf), ((18, 21), 0, 6, 6, inf), ((18, 22), 0, 7, 7, inf), ((18, 23), 0, 8, 8, inf), ((18, 24), 0, 9, 9, inf), ((18, 25), 0, 10, 10, inf), ((18, 26), 0, 11, 11, inf), ((18, 27), 0, 12, 12, inf), ((18, 28), 0, 13, 13, inf), ((18, 29), 0, 14, 14, inf), ((18, 30), 0, 15, 15, inf), ((18, 31), 0, 16, 16, inf), ((18, 32), 0, 17, 17, inf), ((18, 33), 0, 18, 18, inf), ((18, 34), 0, 19, 19, inf), ((18, 35), 0, 20, 20, inf), ((18, 36), 0, 21, 21, inf), ((18, 37), 0, 22, 22, inf), ((18, 38), 0, 23, 23, inf), ((18, 39), 0, 24, 24, inf), ((18, 40), 0, 25, 25, inf), ((18, 41), 0, 26, 26, inf), ((18, 42), 0, 27, 27, inf), ((18, 43), 0, 28, 28, inf), ((18, 44), 0, 29, 29, inf), ((18, 45), 0, 30, 30, inf), ((18, 46), 0, 31, 31, inf), ((18, 47), 0, 32, 32, inf), ((18, 48), 0, 33, 33, inf), ((18, 49), 0, 34, 34, inf), ((18, 50), 0, 35, 35, inf), ((18, 51), 0, 36, 36, inf), ((18, 52), 0, 37, 37, inf), ((18, 53), 0, 38, 38, inf), ((18, 54), 0, 39, 39, inf), ((18, 55), 0, 40, 40, inf), ((18, 56), 0, 41, 41, inf), ((18, 57), 0, 42, 42, inf), ((18, 58), 0, 43, 43, inf), ((18, 59), 0, 44, 44, inf), ((18, 60), 0, 45, 45, inf), ((18, 61), 0, 46, 46, inf), ((18, 62), 0, 47, 47, inf), ((18, 63), 0, 48, 48, inf), ((18, 64), 0, 49, 49, inf), ((18, 65), 0, 50, 50, inf), ((18, 66), 0, 51, 51, inf), ((18, 67), 0, 52, 52, inf), ((18, 68), 0, 53, 53, inf), ((18, 69), 0, 54, 54, inf), ((18, 70), 0, 55, 55, inf), ((18, 71), 0, 56, 56, inf), ((18, 72), 0, 57, 57, inf), ((19, 72), 0, 58, 58, inf), ((20, 72), 0, 59, 59, inf), ((21, 72), 0, 60, 60, inf), ((22, 72), 0, 61, 61, inf), ((23, 72), 0, 62, 62, inf), ((24, 72), 0, 63, 63, inf), ((25, 72), 0, 64, 64, inf), ((26, 72), 0, 65, 65, inf), ((27, 72), 0, 66, 66, inf), ((28, 72), 0, 67, 67, inf), ((29, 72), 0, 68, 68, inf), ((30, 72), 0, 69, 69, inf), ((31, 72), 0, 70, 70, inf), ((32, 72), 0, 71, 71, inf), ((33, 72), 0, 72, 72, inf), ((34, 72), 0, 73, 73, inf), ((35, 72), 0, 74, 74, inf), ((36, 72), 0, 75, 75, inf), ((37, 72), 0, 76, 76, inf), ((38, 72), 0, 77, 77, inf), ((39, 72), 0, 78, 78, inf), ((40, 72), 0, 79, 79, inf), ((41, 72), 0, 80, 80, inf), ((42, 72), 0, 81, 81, inf), ((43, 72), 0, 82, 82, inf), ((44, 72), 0, 83, 83, inf), ((45, 72), 0, 84, 84, inf), ((46, 72), 0, 85, 85, inf), ((47, 72), 0, 86, 86, inf), ((48, 72), 0, 87, 87, inf), ((49, 72), 0, 88, 88, inf), ((50, 72), 0, 89, 89, inf), ((51, 72), 0, 90, 90, inf), ((52, 72), 0, 91, 91, inf), ((53, 72), 0, 92, 92, inf), ((54, 72), 0, 93, 93, inf), ((55, 72), 0, 94, 94, inf), ((56, 72), 0, 95, 95, inf), ((57, 72), 0, 96, 96, inf), ((58, 72), 0, 97, 97, inf), ((59, 72), 0, 98, 98, inf), ((60, 72), 0, 99, 99, inf), ((61, 72), 0, 100, 100, inf), ((62, 72), 0, 101, 101, inf), ((63, 72), 0, 102, 102, inf), ((64, 72), 0, 103, 103, inf), ((65, 72), 0, 104, 104, inf), ((66, 72), 0, 105, 105, inf), ((67, 72), 0, 106, 106, inf), ((68, 72), 0, 107, 107, inf), ((69, 72), 0, 108, 108, inf), ((70, 72), 0, 109, 109, inf), ((71, 72), 0, 110, 110, inf), ((72, 72), 0, 111, 111, inf), ((73, 72), 0, 112, 112, inf), ((74, 72), 0, 113, 113, inf), ((75, 72), 0, 114, 114, inf), ((76, 72), 0, 115, 115, inf), ((77, 72), 0, 116, 116, inf), ((78, 72), 0, 117, 117, inf), ((79, 72), 2, 118, 118, inf)]

greedy_best_first_search chebyshev_distance -> Result:
total_distance: 118
time: 1.03125
checked_cells_no: 242
memory: 125
path: [((18, 15), 1, 61, 0, 61), ((19, 15), 0, 60, 1, 60), ((20, 15), 0, 59, 2, 59), ((21, 15), 0, 58, 3, 58), ((22, 15), 0, 57, 4, 57), ((22, 16), 0, 57, 5, 57), ((23, 16), 0, 56, 6, 56), ((23, 17), 0, 56, 7, 56), ((24, 17), 0, 55, 8, 55), ((24, 18), 0, 55, 9, 55), ((25, 18), 0, 54, 10, 54), ((25, 19), 0, 54, 11, 54), ((26, 19), 0, 53, 12, 53), ((26, 20), 0, 53, 13, 53), ((27, 20), 0, 52, 14, 52), ((27, 21), 0, 52, 15, 52), ((28, 21), 0, 51, 16, 51), ((28, 22), 0, 51, 17, 51), ((29, 22), 0, 50, 18, 50), ((29, 23), 0, 50, 19, 50), ((30, 23), 0, 49, 20, 49), ((30, 24), 0, 49, 21, 49), ((31, 24), 0, 48, 22, 48), ((31, 25), 0, 48, 23, 48), ((32, 25), 0, 47, 24, 47), ((32, 26), 0, 47, 25, 47), ((33, 26), 0, 46, 26, 46), ((33, 27), 0, 46, 27, 46), ((34, 27), 0, 45, 28, 45), ((34, 28), 0, 45, 29, 45), ((35, 28), 0, 44, 30, 44), ((35, 29), 0, 44, 31, 44), ((36, 29), 0, 43, 32, 43), ((36, 30), 0, 43, 33, 43), ((37, 30), 0, 42, 34, 42), ((37, 31), 0, 42, 35, 42), ((38, 31), 0, 41, 36, 41), ((38, 32), 0, 41, 37, 41), ((39, 32), 0, 40, 38, 40), ((39, 33), 0, 40, 39, 40), ((40, 33), 0, 39, 40, 39), ((40, 34), 0, 39, 41, 39), ((41, 34), 0, 38, 42, 38), ((41, 35), 0, 38, 43, 38), ((42, 35), 0, 37, 44, 37), ((42, 36), 0, 37, 45, 37), ((43, 36), 0, 36, 46, 36), ((43, 37), 0, 36, 47, 36), ((44, 37), 0, 35, 48, 35), ((44, 38), 0, 35, 49, 35), ((45, 38), 0, 34, 50, 34), ((45, 39), 0, 34, 51, 34), ((46, 39), 0, 33, 52, 33), ((46, 40), 0, 33, 53, 33), ((47, 40), 0, 32, 54, 32), ((47, 41), 0, 32, 55, 32), ((48, 41), 0, 31, 56, 31), ((48, 42), 0, 31, 57, 31), ((49, 42), 0, 30, 58, 30), ((49, 43), 0, 30, 59, 30), ((50, 43), 0, 29, 60, 29), ((50, 44), 0, 29, 61, 29), ((51, 44), 0, 28, 62, 28), ((51, 45), 0, 28, 63, 28), ((52, 45), 0, 27, 64, 27), ((52, 46), 0, 27, 65, 27), ((53, 46), 0, 26, 66, 26), ((53, 47), 0, 26, 67, 26), ((54, 47), 0, 25, 68, 25), ((54, 48), 0, 25, 69, 25), ((55, 48), 0, 24, 70, 24), ((55, 49), 0, 24, 71, 24), ((56, 49), 0, 23, 72, 23), ((56, 50), 0, 23, 73, 23), ((57, 50), 0, 22, 74, 22), ((57, 51), 0, 22, 75, 22), ((58, 51), 0, 21, 76, 21), ((58, 52), 0, 21, 77, 21), ((59, 52), 0, 20, 78, 20), ((59, 53), 0, 20, 79, 20), ((60, 53), 0, 19, 80, 19), ((60, 54), 0, 19, 81, 19), ((61, 54), 0, 18, 82, 18), ((61, 55), 0, 18, 83, 18), ((62, 55), 0, 17, 84, 17), ((62, 56), 0, 17, 85, 17), ((63, 56), 0, 16, 86, 16), ((63, 57), 0, 16, 87, 16), ((64, 57), 0, 15, 88, 15), ((64, 58), 0, 15, 89, 15), ((65, 58), 0, 14, 90, 14), ((65, 59), 0, 14, 91, 14), ((66, 59), 0, 13, 92, 13), ((66, 60), 0, 13, 93, 13), ((67, 60), 0, 12, 94, 12), ((67, 61), 0, 12, 95, 12), ((68, 61), 0, 11, 96, 11), ((68, 62), 0, 11, 97, 11), ((69, 62), 0, 10, 98, 10), ((69, 63), 0, 10, 99, 10), ((70, 63), 0, 9, 100, 9), ((70, 64), 0, 9, 101, 9), ((71, 64), 0, 8, 102, 8), ((71, 65), 0, 8, 103, 8), ((72, 65), 0, 7, 104, 7), ((72, 66), 0, 7, 105, 7), ((73, 66), 0, 6, 106, 6), ((73, 67), 0, 6, 107, 6), ((74, 67), 0, 5, 108, 5), ((74, 68), 0, 5, 109, 5), ((75, 68), 0, 4, 110, 4), ((75, 69), 0, 4, 111, 4), ((76, 69), 0, 3, 112, 3), ((76, 70), 0, 3, 113, 3), ((77, 70), 0, 2, 114, 2), ((77, 71), 0, 2, 115, 2), ((78, 71), 0, 1, 116, 1), ((78, 72), 0, 1, 117, 1), ((79, 72), 2, 0, 118, 0)]

greedy_best_first_search manhattan_distance -> Result:
total_distance: 118
time: 0.9375
checked_cells_no: 354
memory: 237
path: [((18, 15), 1, 118, 0, 118), ((18, 16), 0, 117, 1, 117), ((18, 17), 0, 116, 2, 116), ((18, 18), 0, 115, 3, 115), ((18, 19), 0, 114, 4, 114), ((18, 20), 0, 113, 5, 113), ((18, 21), 0, 112, 6, 112), ((18, 22), 0, 111, 7, 111), ((18, 23), 0, 110, 8, 110), ((18, 24), 0, 109, 9, 109), ((18, 25), 0, 108, 10, 108), ((18, 26), 0, 107, 11, 107), ((18, 27), 0, 106, 12, 106), ((18, 28), 0, 105, 13, 105), ((18, 29), 0, 104, 14, 104), ((18, 30), 0, 103, 15, 103), ((18, 31), 0, 102, 16, 102), ((18, 32), 0, 101, 17, 101), ((18, 33), 0, 100, 18, 100), ((18, 34), 0, 99, 19, 99), ((18, 35), 0, 98, 20, 98), ((18, 36), 0, 97, 21, 97), ((18, 37), 0, 96, 22, 96), ((18, 38), 0, 95, 23, 95), ((18, 39), 0, 94, 24, 94), ((18, 40), 0, 93, 25, 93), ((18, 41), 0, 92, 26, 92), ((18, 42), 0, 91, 27, 91), ((18, 43), 0, 90, 28, 90), ((18, 44), 0, 89, 29, 89), ((18, 45), 0, 88, 30, 88), ((18, 46), 0, 87, 31, 87), ((18, 47), 0, 86, 32, 86), ((18, 48), 0, 85, 33, 85), ((18, 49), 0, 84, 34, 84), ((18, 50), 0, 83, 35, 83), ((18, 51), 0, 82, 36, 82), ((18, 52), 0, 81, 37, 81), ((18, 53), 0, 80, 38, 80), ((18, 54), 0, 79, 39, 79), ((18, 55), 0, 78, 40, 78), ((18, 56), 0, 77, 41, 77), ((18, 57), 0, 76, 42, 76), ((18, 58), 0, 75, 43, 75), ((18, 59), 0, 74, 44, 74), ((18, 60), 0, 73, 45, 73), ((18, 61), 0, 72, 46, 72), ((18, 62), 0, 71, 47, 71), ((18, 63), 0, 70, 48, 70), ((18, 64), 0, 69, 49, 69), ((18, 65), 0, 68, 50, 68), ((18, 66), 0, 67, 51, 67), ((18, 67), 0, 66, 52, 66), ((18, 68), 0, 65, 53, 65), ((18, 69), 0, 64, 54, 64), ((18, 70), 0, 63, 55, 63), ((18, 71), 0, 62, 56, 62), ((18, 72), 0, 61, 57, 61), ((19, 72), 0, 60, 58, 60), ((20, 72), 0, 59, 59, 59), ((21, 72), 0, 58, 60, 58), ((22, 72), 0, 57, 61, 57), ((23, 72), 0, 56, 62, 56), ((24, 72), 0, 55, 63, 55), ((25, 72), 0, 54, 64, 54), ((26, 72), 0, 53, 65, 53), ((27, 72), 0, 52, 66, 52), ((28, 72), 0, 51, 67, 51), ((29, 72), 0, 50, 68, 50), ((30, 72), 0, 49, 69, 49), ((31, 72), 0, 48, 70, 48), ((32, 72), 0, 47, 71, 47), ((33, 72), 0, 46, 72, 46), ((34, 72), 0, 45, 73, 45), ((35, 72), 0, 44, 74, 44), ((36, 72), 0, 43, 75, 43), ((37, 72), 0, 42, 76, 42), ((38, 72), 0, 41, 77, 41), ((39, 72), 0, 40, 78, 40), ((40, 72), 0, 39, 79, 39), ((41, 72), 0, 38, 80, 38), ((42, 72), 0, 37, 81, 37), ((43, 72), 0, 36, 82, 36), ((44, 72), 0, 35, 83, 35), ((45, 72), 0, 34, 84, 34), ((46, 72), 0, 33, 85, 33), ((47, 72), 0, 32, 86, 32), ((48, 72), 0, 31, 87, 31), ((49, 72), 0, 30, 88, 30), ((50, 72), 0, 29, 89, 29), ((51, 72), 0, 28, 90, 28), ((52, 72), 0, 27, 91, 27), ((53, 72), 0, 26, 92, 26), ((54, 72), 0, 25, 93, 25), ((55, 72), 0, 24, 94, 24), ((56, 72), 0, 23, 95, 23), ((57, 72), 0, 22, 96, 22), ((58, 72), 0, 21, 97, 21), ((59, 72), 0, 20, 98, 20), ((60, 72), 0, 19, 99, 19), ((61, 72), 0, 18, 100, 18), ((62, 72), 0, 17, 101, 17), ((63, 72), 0, 16, 102, 16), ((64, 72), 0, 15, 103, 15), ((65, 72), 0, 14, 104, 14), ((66, 72), 0, 13, 105, 13), ((67, 72), 0, 12, 106, 12), ((68, 72), 0, 11, 107, 11), ((69, 72), 0, 10, 108, 10), ((70, 72), 0, 9, 109, 9), ((71, 72), 0, 8, 110, 8), ((72, 72), 0, 7, 111, 7), ((73, 72), 0, 6, 112, 6), ((74, 72), 0, 5, 113, 5), ((75, 72), 0, 4, 114, 4), ((76, 72), 0, 3, 115, 3), ((77, 72), 0, 2, 116, 2), ((78, 72), 0, 1, 117, 1), ((79, 72), 2, 0, 118, 0)]

greedy_best_first_search euclidean_distance -> Result:
total_distance: 118
time: 0.96875
checked_cells_no: 242
memory: 125
path: [((18, 15), 1, 83.48652585896721, 0, 83.48652585896721), ((19, 15), 0, 82.75868534480233, 1, 82.75868534480233), ((20, 15), 0, 82.03657720797473, 2, 82.03657720797473), ((21, 15), 0, 81.32035415564789, 3, 81.32035415564789), ((22, 15), 0, 80.61017305526642, 4, 80.61017305526642), ((22, 16), 0, 79.90619500389191, 5, 79.90619500389191), ((23, 16), 0, 79.19595949289332, 6, 79.19595949289332), ((23, 17), 0, 78.49203781276162, 7, 78.49203781276162), ((24, 17), 0, 77.78174593052023, 8, 77.78174593052023), ((24, 18), 0, 77.07788269017254, 9, 77.07788269017254), ((25, 18), 0, 76.36753236814714, 10, 76.36753236814714), ((25, 19), 0, 75.66372975210778, 11, 75.66372975210778), ((26, 19), 0, 74.95331880577403, 12, 74.95331880577403), ((26, 20), 0, 74.24957912338628, 13, 74.24957912338628), ((27, 20), 0, 73.53910524340094, 14, 73.53910524340094), ((27, 21), 0, 72.83543093852057, 15, 72.83543093852057), ((28, 21), 0, 72.12489168102785, 16, 72.12489168102785), ((28, 22), 0, 71.42128534267638, 17, 71.42128534267638), ((29, 22), 0, 70.71067811865476, 18, 70.71067811865476), ((29, 23), 0, 70.00714249274856, 19, 70.00714249274856), ((30, 23), 0, 69.29646455628166, 20, 69.29646455628166), ((30, 24), 0, 68.59300255857006, 21, 68.59300255857006), ((31, 24), 0, 67.88225099390856, 22, 67.88225099390856), ((31, 25), 0, 67.17886572427373, 23, 67.17886572427373), ((32, 25), 0, 66.46803743153546, 24, 66.46803743153546), ((32, 26), 0, 65.76473218982953, 25, 65.76473218982953), ((33, 26), 0, 65.05382386916237, 26, 65.05382386916237), ((33, 27), 0, 64.35060217278468, 27, 64.35060217278468), ((34, 27), 0, 63.63961030678928, 28, 63.63961030678928), ((34, 28), 0, 62.93647591023825, 29, 62.93647591023825), ((35, 28), 0, 62.22539674441618, 30, 62.22539674441618), ((35, 29), 0, 61.5223536610881, 31, 61.5223536610881), ((36, 29), 0, 60.81118318204309, 32, 60.81118318204309), ((36, 30), 0, 60.108235708594876, 33, 60.108235708594876), ((37, 30), 0, 59.39696961966999, 34, 59.39696961966999), ((37, 31), 0, 58.69412236331676, 35, 58.69412236331676), ((38, 31), 0, 57.982756057296896, 36, 57.982756057296896), ((38, 32), 0, 57.28001396647874, 37, 57.28001396647874), ((39, 32), 0, 56.568542494923804, 38, 56.568542494923804), ((39, 33), 0, 55.86591089385369, 39, 55.86591089385369), ((40, 33), 0, 55.154328932550705, 40, 55.154328932550705), ((40, 34), 0, 54.45181356024793, 41, 54.45181356024793), ((41, 34), 0, 53.74011537017761, 42, 53.74011537017761), ((41, 35), 0, 53.03772242470448, 43, 53.03772242470448), ((42, 35), 0, 52.32590180780452, 44, 52.32590180780452), ((42, 36), 0, 51.62363799656123, 45, 51.62363799656123), ((43, 36), 0, 50.91168824543142, 46, 50.91168824543142), ((43, 37), 0, 50.20956084253277, 47, 50.20956084253277), ((44, 37), 0, 49.49747468305833, 48, 49.49747468305833), ((44, 38), 0, 48.79549159502341, 49, 48.79549159502341), ((45, 38), 0, 48.08326112068523, 50, 48.08326112068523), ((45, 39), 0, 47.38143096192854, 51, 47.38143096192854), ((46, 39), 0, 46.66904755831214, 52, 46.66904755831214), ((46, 40), 0, 45.967379738244816, 53, 45.967379738244816), ((47, 40), 0, 45.254833995939045, 54, 45.254833995939045), ((47, 41), 0, 44.553338819890925, 55, 44.553338819890925), ((48, 41), 0, 43.840620433565945, 56, 43.840620433565945), ((48, 42), 0, 43.139309220245984, 57, 43.139309220245984), ((49, 42), 0, 42.42640687119285, 58, 42.42640687119285), ((49, 43), 0, 41.72529209005013, 59, 41.72529209005013), ((50, 43), 0, 41.012193308819754, 60, 41.012193308819754), ((50, 44), 0, 40.311288741492746, 61, 40.311288741492746), ((51, 44), 0, 39.59797974644666, 62, 39.59797974644666), ((51, 45), 0, 38.897300677553446, 63, 38.897300677553446), ((52, 45), 0, 38.18376618407357, 64, 38.18376618407357), ((52, 46), 0, 37.48332962798263, 65, 37.48332962798263), ((53, 46), 0, 36.76955262170047, 66, 36.76955262170047), ((53, 47), 0, 36.069377593742864, 67, 36.069377593742864), ((54, 47), 0, 35.35533905932738, 68, 35.35533905932738), ((54, 48), 0, 34.655446902326915, 69, 34.655446902326915), ((55, 48), 0, 33.94112549695428, 70, 33.94112549695428), ((55, 49), 0, 33.24154027718932, 71, 33.24154027718932), ((56, 49), 0, 32.526911934581186, 72, 32.526911934581186), ((56, 50), 0, 31.827660925679098, 73, 31.827660925679098), ((57, 50), 0, 31.11269837220809, 74, 31.11269837220809), ((57, 51), 0, 30.4138126514911, 75, 30.4138126514911), ((58, 51), 0, 29.698484809834994, 76, 29.698484809834994), ((58, 52), 0, 29.0, 77, 29.0), ((59, 52), 0, 28.284271247461902, 78, 28.284271247461902), ((59, 53), 0, 27.586228448267445, 79, 27.586228448267445), ((60, 53), 0, 26.870057685088806, 80, 26.870057685088806), ((60, 54), 0, 26.1725046566048, 81, 26.1725046566048), ((61, 54), 0, 25.45584412271571, 82, 25.45584412271571), ((61, 55), 0, 24.758836806279895, 83, 24.758836806279895), ((62, 55), 0, 24.041630560342615, 84, 24.041630560342615), ((62, 56), 0, 23.345235059857504, 85, 23.345235059857504), ((63, 56), 0, 22.627416997969522, 86, 22.627416997969522), ((63, 57), 0, 21.93171219946131, 87, 21.93171219946131), ((64, 57), 0, 21.213203435596427, 88, 21.213203435596427), ((64, 58), 0, 20.518284528683193, 89, 20.518284528683193), ((65, 58), 0, 19.79898987322333, 90, 19.79898987322333), ((65, 59), 0, 19.1049731745428, 91, 19.1049731745428), ((66, 59), 0, 18.384776310850235, 92, 18.384776310850235), ((66, 60), 0, 17.69180601295413, 93, 17.69180601295413), ((67, 60), 0, 16.97056274847714, 94, 16.97056274847714), ((67, 61), 0, 16.278820596099706, 95, 16.278820596099706), ((68, 61), 0, 15.556349186104045, 96, 15.556349186104045), ((68, 62), 0, 14.866068747318506, 97, 14.866068747318506), ((69, 62), 0, 14.142135623730951, 98, 14.142135623730951), ((69, 63), 0, 13.45362404707371, 99, 13.45362404707371), ((70, 63), 0, 12.727922061357855, 100, 12.727922061357855), ((70, 64), 0, 12.041594578792296, 101, 12.041594578792296), ((71, 64), 0, 11.313708498984761, 102, 11.313708498984761), ((71, 65), 0, 10.63014581273465, 103, 10.63014581273465), ((72, 65), 0, 9.899494936611665, 104, 9.899494936611665), ((72, 66), 0, 9.219544457292887, 105, 9.219544457292887), ((73, 66), 0, 8.48528137423857, 106, 8.48528137423857), ((73, 67), 0, 7.810249675906654, 107, 7.810249675906654), ((74, 67), 0, 7.0710678118654755, 108, 7.0710678118654755), ((74, 68), 0, 6.4031242374328485, 109, 6.4031242374328485), ((75, 68), 0, 5.656854249492381, 110, 5.656854249492381), ((75, 69), 0, 5.0, 111, 5.0), ((76, 69), 0, 4.242640687119285, 112, 4.242640687119285), ((76, 70), 0, 3.605551275463989, 113, 3.605551275463989), ((77, 70), 0, 2.8284271247461903, 114, 2.8284271247461903), ((77, 71), 0, 2.23606797749979, 115, 2.23606797749979), ((78, 71), 0, 1.4142135623730951, 116, 1.4142135623730951), ((78, 72), 0, 1.0, 117, 1.0), ((79, 72), 2, 0.0, 118, 0.0)]

a_star chebyshev_distance -> Result:
total_distance: 118
time: 45.359375
checked_cells_no: 5384
memory: 184
path: [((18, 15), 1, 61, 0, 61), ((19, 15), 0, 61, 1, 60), ((20, 15), 0, 61, 2, 59), ((21, 15), 0, 61, 3, 58), ((22, 15), 0, 61, 4, 57), ((22, 16), 0, 62, 5, 57), ((23, 16), 0, 62, 6, 56), ((23, 17), 0, 63, 7, 56), ((24, 17), 0, 63, 8, 55), ((24, 18), 0, 64, 9, 55), ((25, 18), 0, 64, 10, 54), ((25, 19), 0, 65, 11, 54), ((26, 19), 0, 65, 12, 53), ((26, 20), 0, 66, 13, 53), ((27, 20), 0, 66, 14, 52), ((27, 21), 0, 67, 15, 52), ((28, 21), 0, 67, 16, 51), ((28, 22), 0, 68, 17, 51), ((29, 22), 0, 68, 18, 50), ((29, 23), 0, 69, 19, 50), ((30, 23), 0, 69, 20, 49), ((30, 24), 0, 70, 21, 49), ((31, 24), 0, 70, 22, 48), ((31, 25), 0, 71, 23, 48), ((32, 25), 0, 71, 24, 47), ((32, 26), 0, 72, 25, 47), ((33, 26), 0, 72, 26, 46), ((33, 27), 0, 73, 27, 46), ((34, 27), 0, 73, 28, 45), ((34, 28), 0, 74, 29, 45), ((35, 28), 0, 74, 30, 44), ((35, 29), 0, 75, 31, 44), ((36, 29), 0, 75, 32, 43), ((36, 30), 0, 76, 33, 43), ((37, 30), 0, 76, 34, 42), ((37, 31), 0, 77, 35, 42), ((38, 31), 0, 77, 36, 41), ((38, 32), 0, 78, 37, 41), ((39, 32), 0, 78, 38, 40), ((39, 33), 0, 79, 39, 40), ((40, 33), 0, 79, 40, 39), ((40, 34), 0, 80, 41, 39), ((41, 34), 0, 80, 42, 38), ((41, 35), 0, 81, 43, 38), ((42, 35), 0, 81, 44, 37), ((42, 36), 0, 82, 45, 37), ((43, 36), 0, 82, 46, 36), ((43, 37), 0, 83, 47, 36), ((44, 37), 0, 83, 48, 35), ((44, 38), 0, 84, 49, 35), ((45, 38), 0, 84, 50, 34), ((45, 39), 0, 85, 51, 34), ((46, 39), 0, 85, 52, 33), ((46, 40), 0, 86, 53, 33), ((47, 40), 0, 86, 54, 32), ((47, 41), 0, 87, 55, 32), ((48, 41), 0, 87, 56, 31), ((48, 42), 0, 88, 57, 31), ((49, 42), 0, 88, 58, 30), ((49, 43), 0, 89, 59, 30), ((50, 43), 0, 89, 60, 29), ((50, 44), 0, 90, 61, 29), ((51, 44), 0, 90, 62, 28), ((51, 45), 0, 91, 63, 28), ((52, 45), 0, 91, 64, 27), ((52, 46), 0, 92, 65, 27), ((53, 46), 0, 92, 66, 26), ((53, 47), 0, 93, 67, 26), ((54, 47), 0, 93, 68, 25), ((54, 48), 0, 94, 69, 25), ((55, 48), 0, 94, 70, 24), ((55, 49), 0, 95, 71, 24), ((56, 49), 0, 95, 72, 23), ((56, 50), 0, 96, 73, 23), ((57, 50), 0, 96, 74, 22), ((57, 51), 0, 97, 75, 22), ((58, 51), 0, 97, 76, 21), ((58, 52), 0, 98, 77, 21), ((59, 52), 0, 98, 78, 20), ((59, 53), 0, 99, 79, 20), ((60, 53), 0, 99, 80, 19), ((60, 54), 0, 100, 81, 19), ((61, 54), 0, 100, 82, 18), ((61, 55), 0, 101, 83, 18), ((62, 55), 0, 101, 84, 17), ((62, 56), 0, 102, 85, 17), ((63, 56), 0, 102, 86, 16), ((63, 57), 0, 103, 87, 16), ((64, 57), 0, 103, 88, 15), ((64, 58), 0, 104, 89, 15), ((65, 58), 0, 104, 90, 14), ((65, 59), 0, 105, 91, 14), ((66, 59), 0, 105, 92, 13), ((66, 60), 0, 106, 93, 13), ((67, 60), 0, 106, 94, 12), ((67, 61), 0, 107, 95, 12), ((68, 61), 0, 107, 96, 11), ((68, 62), 0, 108, 97, 11), ((69, 62), 0, 108, 98, 10), ((69, 63), 0, 109, 99, 10), ((70, 63), 0, 109, 100, 9), ((70, 64), 0, 110, 101, 9), ((71, 64), 0, 110, 102, 8), ((71, 65), 0, 111, 103, 8), ((72, 65), 0, 111, 104, 7), ((72, 66), 0, 112, 105, 7), ((73, 66), 0, 112, 106, 6), ((73, 67), 0, 113, 107, 6), ((74, 67), 0, 113, 108, 5), ((74, 68), 0, 114, 109, 5), ((75, 68), 0, 114, 110, 4), ((75, 69), 0, 115, 111, 4), ((76, 69), 0, 115, 112, 3), ((76, 70), 0, 116, 113, 3), ((77, 70), 0, 116, 114, 2), ((77, 71), 0, 117, 115, 2), ((78, 71), 0, 117, 116, 1), ((78, 72), 0, 118, 117, 1), ((79, 72), 2, 118, 118, 0)]

a_star manhattan_distance -> Result:
total_distance: 118
time: 30.0
checked_cells_no: 3776
memory: 238
path: [((18, 15), 1, 118, 0, 118), ((18, 16), 0, 118, 1, 117), ((18, 17), 0, 118, 2, 116), ((18, 18), 0, 118, 3, 115), ((18, 19), 0, 118, 4, 114), ((18, 20), 0, 118, 5, 113), ((18, 21), 0, 118, 6, 112), ((18, 22), 0, 118, 7, 111), ((18, 23), 0, 118, 8, 110), ((18, 24), 0, 118, 9, 109), ((18, 25), 0, 118, 10, 108), ((18, 26), 0, 118, 11, 107), ((18, 27), 0, 118, 12, 106), ((18, 28), 0, 118, 13, 105), ((18, 29), 0, 118, 14, 104), ((18, 30), 0, 118, 15, 103), ((18, 31), 0, 118, 16, 102), ((18, 32), 0, 118, 17, 101), ((18, 33), 0, 118, 18, 100), ((18, 34), 0, 118, 19, 99), ((18, 35), 0, 118, 20, 98), ((18, 36), 0, 118, 21, 97), ((18, 37), 0, 118, 22, 96), ((18, 38), 0, 118, 23, 95), ((18, 39), 0, 118, 24, 94), ((18, 40), 0, 118, 25, 93), ((18, 41), 0, 118, 26, 92), ((18, 42), 0, 118, 27, 91), ((18, 43), 0, 118, 28, 90), ((18, 44), 0, 118, 29, 89), ((18, 45), 0, 118, 30, 88), ((18, 46), 0, 118, 31, 87), ((18, 47), 0, 118, 32, 86), ((18, 48), 0, 118, 33, 85), ((18, 49), 0, 118, 34, 84), ((18, 50), 0, 118, 35, 83), ((18, 51), 0, 118, 36, 82), ((18, 52), 0, 118, 37, 81), ((18, 53), 0, 118, 38, 80), ((18, 54), 0, 118, 39, 79), ((18, 55), 0, 118, 40, 78), ((18, 56), 0, 118, 41, 77), ((18, 57), 0, 118, 42, 76), ((18, 58), 0, 118, 43, 75), ((18, 59), 0, 118, 44, 74), ((18, 60), 0, 118, 45, 73), ((18, 61), 0, 118, 46, 72), ((18, 62), 0, 118, 47, 71), ((18, 63), 0, 118, 48, 70), ((18, 64), 0, 118, 49, 69), ((18, 65), 0, 118, 50, 68), ((18, 66), 0, 118, 51, 67), ((18, 67), 0, 118, 52, 66), ((18, 68), 0, 118, 53, 65), ((18, 69), 0, 118, 54, 64), ((18, 70), 0, 118, 55, 63), ((18, 71), 0, 118, 56, 62), ((18, 72), 0, 118, 57, 61), ((19, 72), 0, 118, 58, 60), ((20, 72), 0, 118, 59, 59), ((21, 72), 0, 118, 60, 58), ((22, 72), 0, 118, 61, 57), ((23, 72), 0, 118, 62, 56), ((24, 72), 0, 118, 63, 55), ((25, 72), 0, 118, 64, 54), ((26, 72), 0, 118, 65, 53), ((27, 72), 0, 118, 66, 52), ((28, 72), 0, 118, 67, 51), ((29, 72), 0, 118, 68, 50), ((30, 72), 0, 118, 69, 49), ((31, 72), 0, 118, 70, 48), ((32, 72), 0, 118, 71, 47), ((33, 72), 0, 118, 72, 46), ((34, 72), 0, 118, 73, 45), ((35, 72), 0, 118, 74, 44), ((36, 72), 0, 118, 75, 43), ((37, 72), 0, 118, 76, 42), ((38, 72), 0, 118, 77, 41), ((39, 72), 0, 118, 78, 40), ((40, 72), 0, 118, 79, 39), ((41, 72), 0, 118, 80, 38), ((42, 72), 0, 118, 81, 37), ((43, 72), 0, 118, 82, 36), ((44, 72), 0, 118, 83, 35), ((45, 72), 0, 118, 84, 34), ((46, 72), 0, 118, 85, 33), ((47, 72), 0, 118, 86, 32), ((48, 72), 0, 118, 87, 31), ((49, 72), 0, 118, 88, 30), ((50, 72), 0, 118, 89, 29), ((51, 72), 0, 118, 90, 28), ((52, 72), 0, 118, 91, 27), ((53, 72), 0, 118, 92, 26), ((54, 72), 0, 118, 93, 25), ((55, 72), 0, 118, 94, 24), ((56, 72), 0, 118, 95, 23), ((57, 72), 0, 118, 96, 22), ((58, 72), 0, 118, 97, 21), ((59, 72), 0, 118, 98, 20), ((60, 72), 0, 118, 99, 19), ((61, 72), 0, 118, 100, 18), ((62, 72), 0, 118, 101, 17), ((63, 72), 0, 118, 102, 16), ((64, 72), 0, 118, 103, 15), ((65, 72), 0, 118, 104, 14), ((66, 72), 0, 118, 105, 13), ((67, 72), 0, 118, 106, 12), ((68, 72), 0, 118, 107, 11), ((69, 72), 0, 118, 108, 10), ((70, 72), 0, 118, 109, 9), ((71, 72), 0, 118, 110, 8), ((72, 72), 0, 118, 111, 7), ((73, 72), 0, 118, 112, 6), ((74, 72), 0, 118, 113, 5), ((75, 72), 0, 118, 114, 4), ((76, 72), 0, 118, 115, 3), ((77, 72), 0, 118, 116, 2), ((78, 72), 0, 118, 117, 1), ((79, 72), 2, 118, 118, 0)]

a_star euclidean_distance -> Result:
total_distance: 118
time: 43.78125
checked_cells_no: 5167
memory: 226
path: [((18, 15), 1, 83.48652585896721, 0, 83.48652585896721), ((19, 15), 0, 83.75868534480233, 1, 82.75868534480233), ((20, 15), 0, 84.03657720797473, 2, 82.03657720797473), ((21, 15), 0, 84.32035415564789, 3, 81.32035415564789), ((22, 15), 0, 84.61017305526642, 4, 80.61017305526642), ((22, 16), 0, 84.90619500389191, 5, 79.90619500389191), ((23, 16), 0, 85.19595949289332, 6, 79.19595949289332), ((23, 17), 0, 85.49203781276162, 7, 78.49203781276162), ((24, 17), 0, 85.78174593052023, 8, 77.78174593052023), ((24, 18), 0, 86.07788269017254, 9, 77.07788269017254), ((25, 18), 0, 86.36753236814714, 10, 76.36753236814714), ((25, 19), 0, 86.66372975210778, 11, 75.66372975210778), ((26, 19), 0, 86.95331880577403, 12, 74.95331880577403), ((26, 20), 0, 87.24957912338628, 13, 74.24957912338628), ((27, 20), 0, 87.53910524340094, 14, 73.53910524340094), ((27, 21), 0, 87.83543093852057, 15, 72.83543093852057), ((28, 21), 0, 88.12489168102785, 16, 72.12489168102785), ((28, 22), 0, 88.42128534267638, 17, 71.42128534267638), ((29, 22), 0, 88.71067811865476, 18, 70.71067811865476), ((29, 23), 0, 89.00714249274856, 19, 70.00714249274856), ((30, 23), 0, 89.29646455628166, 20, 69.29646455628166), ((30, 24), 0, 89.59300255857006, 21, 68.59300255857006), ((31, 24), 0, 89.88225099390856, 22, 67.88225099390856), ((31, 25), 0, 90.17886572427373, 23, 67.17886572427373), ((32, 25), 0, 90.46803743153546, 24, 66.46803743153546), ((32, 26), 0, 90.76473218982953, 25, 65.76473218982953), ((33, 26), 0, 91.05382386916237, 26, 65.05382386916237), ((33, 27), 0, 91.35060217278468, 27, 64.35060217278468), ((34, 27), 0, 91.63961030678928, 28, 63.63961030678928), ((34, 28), 0, 91.93647591023824, 29, 62.93647591023825), ((35, 28), 0, 92.22539674441617, 30, 62.22539674441618), ((35, 29), 0, 92.52235366108809, 31, 61.5223536610881), ((36, 29), 0, 92.8111831820431, 32, 60.81118318204309), ((36, 30), 0, 93.10823570859488, 33, 60.108235708594876), ((37, 30), 0, 93.39696961966999, 34, 59.39696961966999), ((37, 31), 0, 93.69412236331675, 35, 58.69412236331676), ((38, 31), 0, 93.9827560572969, 36, 57.982756057296896), ((38, 32), 0, 94.28001396647875, 37, 57.28001396647874), ((39, 32), 0, 94.5685424949238, 38, 56.568542494923804), ((39, 33), 0, 94.86591089385368, 39, 55.86591089385369), ((40, 33), 0, 95.1543289325507, 40, 55.154328932550705), ((40, 34), 0, 95.45181356024793, 41, 54.45181356024793), ((41, 34), 0, 95.74011537017762, 42, 53.74011537017761), ((41, 35), 0, 96.03772242470447, 43, 53.03772242470448), ((42, 35), 0, 96.32590180780451, 44, 52.32590180780452), ((42, 36), 0, 96.62363799656123, 45, 51.62363799656123), ((43, 36), 0, 96.91168824543142, 46, 50.91168824543142), ((43, 37), 0, 97.20956084253277, 47, 50.20956084253277), ((44, 37), 0, 97.49747468305833, 48, 49.49747468305833), ((44, 38), 0, 97.7954915950234, 49, 48.79549159502341), ((45, 38), 0, 98.08326112068522, 50, 48.08326112068523), ((45, 39), 0, 98.38143096192854, 51, 47.38143096192854), ((46, 39), 0, 98.66904755831214, 52, 46.66904755831214), ((46, 40), 0, 98.96737973824482, 53, 45.967379738244816), ((47, 40), 0, 99.25483399593904, 54, 45.254833995939045), ((47, 41), 0, 99.55333881989093, 55, 44.553338819890925), ((48, 41), 0, 99.84062043356595, 56, 43.840620433565945), ((48, 42), 0, 100.13930922024599, 57, 43.139309220245984), ((49, 42), 0, 100.42640687119285, 58, 42.42640687119285), ((49, 43), 0, 100.72529209005013, 59, 41.72529209005013), ((50, 43), 0, 101.01219330881975, 60, 41.012193308819754), ((50, 44), 0, 101.31128874149275, 61, 40.311288741492746), ((51, 44), 0, 101.59797974644667, 62, 39.59797974644666), ((51, 45), 0, 101.89730067755345, 63, 38.897300677553446), ((52, 45), 0, 102.18376618407356, 64, 38.18376618407357), ((52, 46), 0, 102.48332962798263, 65, 37.48332962798263), ((53, 46), 0, 102.76955262170047, 66, 36.76955262170047), ((53, 47), 0, 103.06937759374287, 67, 36.069377593742864), ((54, 47), 0, 103.35533905932738, 68, 35.35533905932738), ((54, 48), 0, 103.65544690232691, 69, 34.655446902326915), ((55, 48), 0, 103.94112549695427, 70, 33.94112549695428), ((55, 49), 0, 104.24154027718933, 71, 33.24154027718932), ((56, 49), 0, 104.5269119345812, 72, 32.526911934581186), ((56, 50), 0, 104.8276609256791, 73, 31.827660925679098), ((57, 50), 0, 105.11269837220809, 74, 31.11269837220809), ((57, 51), 0, 105.4138126514911, 75, 30.4138126514911), ((58, 51), 0, 105.698484809835, 76, 29.698484809834994), ((58, 52), 0, 106.0, 77, 29.0), ((59, 52), 0, 106.2842712474619, 78, 28.284271247461902), ((59, 53), 0, 106.58622844826745, 79, 27.586228448267445), ((60, 53), 0, 106.87005768508881, 80, 26.870057685088806), ((60, 54), 0, 107.1725046566048, 81, 26.1725046566048), ((61, 54), 0, 107.45584412271572, 82, 25.45584412271571), ((61, 55), 0, 107.7588368062799, 83, 24.758836806279895), ((62, 55), 0, 108.04163056034261, 84, 24.041630560342615), ((62, 56), 0, 108.3452350598575, 85, 23.345235059857504), ((63, 56), 0, 108.62741699796952, 86, 22.627416997969522), ((63, 57), 0, 108.93171219946132, 87, 21.93171219946131), ((64, 57), 0, 109.21320343559643, 88, 21.213203435596427), ((64, 58), 0, 109.5182845286832, 89, 20.518284528683193), ((65, 58), 0, 109.79898987322333, 90, 19.79898987322333), ((65, 59), 0, 110.1049731745428, 91, 19.1049731745428), ((66, 59), 0, 110.38477631085024, 92, 18.384776310850235), ((66, 60), 0, 110.69180601295413, 93, 17.69180601295413), ((67, 60), 0, 110.97056274847714, 94, 16.97056274847714), ((67, 61), 0, 111.2788205960997, 95, 16.278820596099706), ((68, 61), 0, 111.55634918610404, 96, 15.556349186104045), ((68, 62), 0, 111.86606874731851, 97, 14.866068747318506), ((69, 62), 0, 112.14213562373095, 98, 14.142135623730951), ((69, 63), 0, 112.4536240470737, 99, 13.45362404707371), ((70, 63), 0, 112.72792206135786, 100, 12.727922061357855), ((70, 64), 0, 113.0415945787923, 101, 12.041594578792296), ((71, 64), 0, 113.31370849898477, 102, 11.313708498984761), ((71, 65), 0, 113.63014581273465, 103, 10.63014581273465), ((72, 65), 0, 113.89949493661166, 104, 9.899494936611665), ((72, 66), 0, 114.21954445729288, 105, 9.219544457292887), ((73, 66), 0, 114.48528137423857, 106, 8.48528137423857), ((73, 67), 0, 114.81024967590665, 107, 7.810249675906654), ((74, 67), 0, 115.07106781186548, 108, 7.0710678118654755), ((74, 68), 0, 115.40312423743285, 109, 6.4031242374328485), ((75, 68), 0, 115.65685424949238, 110, 5.656854249492381), ((75, 69), 0, 116.0, 111, 5.0), ((76, 69), 0, 116.24264068711929, 112, 4.242640687119285), ((76, 70), 0, 116.605551275464, 113, 3.605551275463989), ((77, 70), 0, 116.82842712474618, 114, 2.8284271247461903), ((77, 71), 0, 117.23606797749979, 115, 2.23606797749979), ((78, 71), 0, 117.41421356237309, 116, 1.4142135623730951), ((78, 72), 0, 118.0, 117, 1.0), ((79, 72), 2, 118.0, 118, 0.0)]

