dfs -> Result:
total_distance: Not Reachable
time: 32.1875
checked_cells_no: 3325
memory: 2501

bfs -> Result:
total_distance: 167
time: 81.671875
checked_cells_no: 8063
memory: 90
path: [((0, 2), 1, 0, 0, inf), ((0, 3), 0, 1, 1, inf), ((0, 4), 0, 2, 2, inf), ((0, 5), 0, 3, 3, inf), ((0, 6), 0, 4, 4, inf), ((0, 7), 0, 5, 5, inf), ((0, 8), 0, 6, 6, inf), ((0, 9), 0, 7, 7, inf), ((0, 10), 0, 8, 8, inf), ((0, 11), 0, 9, 9, inf), ((0, 12), 0, 10, 10, inf), ((0, 13), 0, 11, 11, inf), ((0, 14), 0, 12, 12, inf), ((0, 15), 0, 13, 13, inf), ((0, 16), 0, 14, 14, inf), ((0, 17), 0, 15, 15, inf), ((0, 18), 0, 16, 16, inf), ((0, 19), 0, 17, 17, inf), ((0, 20), 0, 18, 18, inf), ((0, 21), 0, 19, 19, inf), ((0, 22), 0, 20, 20, inf), ((0, 23), 0, 21, 21, inf), ((0, 24), 0, 22, 22, inf), ((0, 25), 0, 23, 23, inf), ((0, 26), 0, 24, 24, inf), ((0, 27), 0, 25, 25, inf), ((0, 28), 0, 26, 26, inf), ((0, 29), 0, 27, 27, inf), ((0, 30), 0, 28, 28, inf), ((0, 31), 0, 29, 29, inf), ((0, 32), 0, 30, 30, inf), ((0, 33), 0, 31, 31, inf), ((0, 34), 0, 32, 32, inf), ((0, 35), 0, 33, 33, inf), ((0, 36), 0, 34, 34, inf), ((0, 37), 0, 35, 35, inf), ((0, 38), 0, 36, 36, inf), ((0, 39), 0, 37, 37, inf), ((0, 40), 0, 38, 38, inf), ((0, 41), 0, 39, 39, inf), ((0, 42), 0, 40, 40, inf), ((0, 43), 0, 41, 41, inf), ((0, 44), 0, 42, 42, inf), ((0, 45), 0, 43, 43, inf), ((0, 46), 0, 44, 44, inf), ((0, 47), 0, 45, 45, inf), ((0, 48), 0, 46, 46, inf), ((0, 49), 0, 47, 47, inf), ((0, 50), 0, 48, 48, inf), ((0, 51), 0, 49, 49, inf), ((0, 52), 0, 50, 50, inf), ((0, 53), 0, 51, 51, inf), ((0, 54), 0, 52, 52, inf), ((0, 55), 0, 53, 53, inf), ((0, 56), 0, 54, 54, inf), ((0, 57), 0, 55, 55, inf), ((0, 58), 0, 56, 56, inf), ((0, 59), 0, 57, 57, inf), ((0, 60), 0, 58, 58, inf), ((0, 61), 0, 59, 59, inf), ((0, 62), 0, 60, 60, inf), ((0, 63), 0, 61, 61, inf), ((0, 64), 0, 62, 62, inf), ((0, 65), 0, 63, 63, inf), ((0, 66), 0, 64, 64, inf), ((0, 67), 0, 65, 65, inf), ((0, 68), 0, 66, 66, inf), ((0, 69), 0, 67, 67, inf), ((0, 70), 0, 68, 68, inf), ((0, 71), 0, 69, 69, inf), ((0, 72), 0, 70, 70, inf), ((0, 73), 0, 71, 71, inf), ((0, 74), 0, 72, 72, inf), ((0, 75), 0, 73, 73, inf), ((0, 76), 0, 74, 74, inf), ((0, 77), 0, 75, 75, inf), ((0, 78), 0, 76, 76, inf), ((0, 79), 0, 77, 77, inf), ((0, 80), 0, 78, 78, inf), ((1, 80), 0, 79, 79, inf), ((2, 80), 0, 80, 80, inf), ((3, 80), 0, 81, 81, inf), ((4, 80), 0, 82, 82, inf), ((5, 80), 0, 83, 83, inf), ((6, 80), 0, 84, 84, inf), ((7, 80), 0, 85, 85, inf), ((8, 80), 0, 86, 86, inf), ((9, 80), 0, 87, 87, inf), ((10, 80), 0, 88, 88, inf), ((11, 80), 0, 89, 89, inf), ((12, 80), 0, 90, 90, inf), ((13, 80), 0, 91, 91, inf), ((14, 80), 0, 92, 92, inf), ((15, 80), 0, 93, 93, inf), ((16, 80), 0, 94, 94, inf), ((17, 80), 0, 95, 95, inf), ((18, 80), 0, 96, 96, inf), ((19, 80), 0, 97, 97, inf), ((20, 80), 0, 98, 98, inf), ((21, 80), 0, 99, 99, inf), ((22, 80), 0, 100, 100, inf), ((23, 80), 0, 101, 101, inf), ((24, 80), 0, 102, 102, inf), ((25, 80), 0, 103, 103, inf), ((26, 80), 0, 104, 104, inf), ((27, 80), 0, 105, 105, inf), ((28, 80), 0, 106, 106, inf), ((29, 80), 0, 107, 107, inf), ((30, 80), 0, 108, 108, inf), ((31, 80), 0, 109, 109, inf), ((32, 80), 0, 110, 110, inf), ((33, 80), 0, 111, 111, inf), ((34, 80), 0, 112, 112, inf), ((35, 80), 0, 113, 113, inf), ((36, 80), 0, 114, 114, inf), ((37, 80), 0, 115, 115, inf), ((38, 80), 0, 116, 116, inf), ((39, 80), 0, 117, 117, inf), ((40, 80), 0, 118, 118, inf), ((41, 80), 0, 119, 119, inf), ((42, 80), 0, 120, 120, inf), ((43, 80), 0, 121, 121, inf), ((44, 80), 0, 122, 122, inf), ((45, 80), 0, 123, 123, inf), ((46, 80), 0, 124, 124, inf), ((47, 80), 0, 125, 125, inf), ((48, 80), 0, 126, 126, inf), ((49, 80), 0, 127, 127, inf), ((50, 80), 0, 128, 128, inf), ((51, 80), 0, 129, 129, inf), ((52, 80), 0, 130, 130, inf), ((53, 80), 0, 131, 131, inf), ((54, 80), 0, 132, 132, inf), ((55, 80), 0, 133, 133, inf), ((56, 80), 0, 134, 134, inf), ((57, 80), 0, 135, 135, inf), ((58, 80), 0, 136, 136, inf), ((59, 80), 0, 137, 137, inf), ((60, 80), 0, 138, 138, inf), ((61, 80), 0, 139, 139, inf), ((62, 80), 0, 140, 140, inf), ((63, 80), 0, 141, 141, inf), ((64, 80), 0, 142, 142, inf), ((65, 80), 0, 143, 143, inf), ((66, 80), 0, 144, 144, inf), ((67, 80), 0, 145, 145, inf), ((68, 80), 0, 146, 146, inf), ((69, 80), 0, 147, 147, inf), ((70, 80), 0, 148, 148, inf), ((71, 80), 0, 149, 149, inf), ((72, 80), 0, 150, 150, inf), ((73, 80), 0, 151, 151, inf), ((74, 80), 0, 152, 152, inf), ((75, 80), 0, 153, 153, inf), ((76, 80), 0, 154, 154, inf), ((77, 80), 0, 155, 155, inf), ((78, 80), 0, 156, 156, inf), ((79, 80), 0, 157, 157, inf), ((80, 80), 0, 158, 158, inf), ((81, 80), 0, 159, 159, inf), ((82, 80), 0, 160, 160, inf), ((83, 80), 0, 161, 161, inf), ((84, 80), 0, 162, 162, inf), ((85, 80), 0, 163, 163, inf), ((86, 80), 0, 164, 164, inf), ((87, 80), 0, 165, 165, inf), ((88, 80), 0, 166, 166, inf), ((89, 80), 2, 167, 167, inf)]

greedy_best_first_search chebyshev_distance -> Result:
total_distance: 167
time: 1.6875
checked_cells_no: 346
memory: 180
path: [((0, 2), 1, 89, 0, 89), ((1, 2), 0, 88, 1, 88), ((2, 2), 0, 87, 2, 87), ((3, 2), 0, 86, 3, 86), ((4, 2), 0, 85, 4, 85), ((5, 2), 0, 84, 5, 84), ((6, 2), 0, 83, 6, 83), ((7, 2), 0, 82, 7, 82), ((8, 2), 0, 81, 8, 81), ((9, 2), 0, 80, 9, 80), ((10, 2), 0, 79, 10, 79), ((11, 2), 0, 78, 11, 78), ((11, 3), 0, 78, 12, 78), ((12, 3), 0, 77, 13, 77), ((12, 4), 0, 77, 14, 77), ((13, 4), 0, 76, 15, 76), ((13, 5), 0, 76, 16, 76), ((14, 5), 0, 75, 17, 75), ((14, 6), 0, 75, 18, 75), ((15, 6), 0, 74, 19, 74), ((15, 7), 0, 74, 20, 74), ((16, 7), 0, 73, 21, 73), ((16, 8), 0, 73, 22, 73), ((17, 8), 0, 72, 23, 72), ((17, 9), 0, 72, 24, 72), ((18, 9), 0, 71, 25, 71), ((18, 10), 0, 71, 26, 71), ((19, 10), 0, 70, 27, 70), ((19, 11), 0, 70, 28, 70), ((20, 11), 0, 69, 29, 69), ((20, 12), 0, 69, 30, 69), ((21, 12), 0, 68, 31, 68), ((21, 13), 0, 68, 32, 68), ((22, 13), 0, 67, 33, 67), ((22, 14), 0, 67, 34, 67), ((23, 14), 0, 66, 35, 66), ((23, 15), 0, 66, 36, 66), ((24, 15), 0, 65, 37, 65), ((24, 16), 0, 65, 38, 65), ((25, 16), 0, 64, 39, 64), ((25, 17), 0, 64, 40, 64), ((26, 17), 0, 63, 41, 63), ((26, 18), 0, 63, 42, 63), ((27, 18), 0, 62, 43, 62), ((27, 19), 0, 62, 44, 62), ((28, 19), 0, 61, 45, 61), ((28, 20), 0, 61, 46, 61), ((29, 20), 0, 60, 47, 60), ((29, 21), 0, 60, 48, 60), ((30, 21), 0, 59, 49, 59), ((30, 22), 0, 59, 50, 59), ((31, 22), 0, 58, 51, 58), ((31, 23), 0, 58, 52, 58), ((32, 23), 0, 57, 53, 57), ((32, 24), 0, 57, 54, 57), ((33, 24), 0, 56, 55, 56), ((33, 25), 0, 56, 56, 56), ((34, 25), 0, 55, 57, 55), ((34, 26), 0, 55, 58, 55), ((35, 26), 0, 54, 59, 54), ((35, 27), 0, 54, 60, 54), ((36, 27), 0, 53, 61, 53), ((36, 28), 0, 53, 62, 53), ((37, 28), 0, 52, 63, 52), ((37, 29), 0, 52, 64, 52), ((38, 29), 0, 51, 65, 51), ((38, 30), 0, 51, 66, 51), ((39, 30), 0, 50, 67, 50), ((39, 31), 0, 50, 68, 50), ((40, 31), 0, 49, 69, 49), ((40, 32), 0, 49, 70, 49), ((41, 32), 0, 48, 71, 48), ((41, 33), 0, 48, 72, 48), ((42, 33), 0, 47, 73, 47), ((42, 34), 0, 47, 74, 47), ((43, 34), 0, 46, 75, 46), ((43, 35), 0, 46, 76, 46), ((44, 35), 0, 45, 77, 45), ((44, 36), 0, 45, 78, 45), ((45, 36), 0, 44, 79, 44), ((45, 37), 0, 44, 80, 44), ((46, 37), 0, 43, 81, 43), ((46, 38), 0, 43, 82, 43), ((47, 38), 0, 42, 83, 42), ((47, 39), 0, 42, 84, 42), ((48, 39), 0, 41, 85, 41), ((48, 40), 0, 41, 86, 41), ((49, 40), 0, 40, 87, 40), ((49, 41), 0, 40, 88, 40), ((50, 41), 0, 39, 89, 39), ((50, 42), 0, 39, 90, 39), ((51, 42), 0, 38, 91, 38), ((51, 43), 0, 38, 92, 38), ((52, 43), 0, 37, 93, 37), ((52, 44), 0, 37, 94, 37), ((53, 44), 0, 36, 95, 36), ((53, 45), 0, 36, 96, 36), ((54, 45), 0, 35, 97, 35), ((54, 46), 0, 35, 98, 35), ((55, 46), 0, 34, 99, 34), ((55, 47), 0, 34, 100, 34), ((56, 47), 0, 33, 101, 33), ((56, 48), 0, 33, 102, 33), ((57, 48), 0, 32, 103, 32), ((57, 49), 0, 32, 104, 32), ((58, 49), 0, 31, 105, 31), ((58, 50), 0, 31, 106, 31), ((59, 50), 0, 30, 107, 30), ((59, 51), 0, 30, 108, 30), ((60, 51), 0, 29, 109, 29), ((60, 52), 0, 29, 110, 29), ((61, 52), 0, 28, 111, 28), ((61, 53), 0, 28, 112, 28), ((62, 53), 0, 27, 113, 27), ((62, 54), 0, 27, 114, 27), ((63, 54), 0, 26, 115, 26), ((63, 55), 0, 26, 116, 26), ((64, 55), 0, 25, 117, 25), ((64, 56), 0, 25, 118, 25), ((65, 56), 0, 24, 119, 24), ((65, 57), 0, 24, 120, 24), ((66, 57), 0, 23, 121, 23), ((66, 58), 0, 23, 122, 23), ((67, 58), 0, 22, 123, 22), ((67, 59), 0, 22, 124, 22), ((68, 59), 0, 21, 125, 21), ((68, 60), 0, 21, 126, 21), ((69, 60), 0, 20, 127, 20), ((69, 61), 0, 20, 128, 20), ((70, 61), 0, 19, 129, 19), ((70, 62), 0, 19, 130, 19), ((71, 62), 0, 18, 131, 18), ((71, 63), 0, 18, 132, 18), ((72, 63), 0, 17, 133, 17), ((72, 64), 0, 17, 134, 17), ((73, 64), 0, 16, 135, 16), ((73, 65), 0, 16, 136, 16), ((74, 65), 0, 15, 137, 15), ((74, 66), 0, 15, 138, 15), ((75, 66), 0, 14, 139, 14), ((75, 67), 0, 14, 140, 14), ((76, 67), 0, 13, 141, 13), ((76, 68), 0, 13, 142, 13), ((77, 68), 0, 12, 143, 12), ((77, 69), 0, 12, 144, 12), ((78, 69), 0, 11, 145, 11), ((78, 70), 0, 11, 146, 11), ((79, 70), 0, 10, 147, 10), ((79, 71), 0, 10, 148, 10), ((80, 71), 0, 9, 149, 9), ((80, 72), 0, 9, 150, 9), ((81, 72), 0, 8, 151, 8), ((81, 73), 0, 8, 152, 8), ((82, 73), 0, 7, 153, 7), ((82, 74), 0, 7, 154, 7), ((83, 74), 0, 6, 155, 6), ((83, 75), 0, 6, 156, 6), ((84, 75), 0, 5, 157, 5), ((84, 76), 0, 5, 158, 5), ((85, 76), 0, 4, 159, 4), ((85, 77), 0, 4, 160, 4), ((86, 77), 0, 3, 161, 3), ((86, 78), 0, 3, 162, 3), ((87, 78), 0, 2, 163, 2), ((87, 79), 0, 2, 164, 2), ((88, 79), 0, 1, 165, 1), ((88, 80), 0, 1, 166, 1), ((89, 80), 2, 0, 167, 0)]

greedy_best_first_search manhattan_distance -> Result:
total_distance: 167
time: 1.546875
checked_cells_no: 422
memory: 256
path: [((0, 2), 1, 167, 0, 167), ((0, 3), 0, 166, 1, 166), ((0, 4), 0, 165, 2, 165), ((0, 5), 0, 164, 3, 164), ((0, 6), 0, 163, 4, 163), ((0, 7), 0, 162, 5, 162), ((0, 8), 0, 161, 6, 161), ((0, 9), 0, 160, 7, 160), ((0, 10), 0, 159, 8, 159), ((0, 11), 0, 158, 9, 158), ((0, 12), 0, 157, 10, 157), ((0, 13), 0, 156, 11, 156), ((0, 14), 0, 155, 12, 155), ((0, 15), 0, 154, 13, 154), ((0, 16), 0, 153, 14, 153), ((0, 17), 0, 152, 15, 152), ((0, 18), 0, 151, 16, 151), ((0, 19), 0, 150, 17, 150), ((0, 20), 0, 149, 18, 149), ((0, 21), 0, 148, 19, 148), ((0, 22), 0, 147, 20, 147), ((0, 23), 0, 146, 21, 146), ((0, 24), 0, 145, 22, 145), ((0, 25), 0, 144, 23, 144), ((0, 26), 0, 143, 24, 143), ((0, 27), 0, 142, 25, 142), ((0, 28), 0, 141, 26, 141), ((0, 29), 0, 140, 27, 140), ((0, 30), 0, 139, 28, 139), ((0, 31), 0, 138, 29, 138), ((0, 32), 0, 137, 30, 137), ((0, 33), 0, 136, 31, 136), ((0, 34), 0, 135, 32, 135), ((0, 35), 0, 134, 33, 134), ((0, 36), 0, 133, 34, 133), ((0, 37), 0, 132, 35, 132), ((0, 38), 0, 131, 36, 131), ((0, 39), 0, 130, 37, 130), ((0, 40), 0, 129, 38, 129), ((0, 41), 0, 128, 39, 128), ((0, 42), 0, 127, 40, 127), ((0, 43), 0, 126, 41, 126), ((0, 44), 0, 125, 42, 125), ((0, 45), 0, 124, 43, 124), ((0, 46), 0, 123, 44, 123), ((0, 47), 0, 122, 45, 122), ((0, 48), 0, 121, 46, 121), ((0, 49), 0, 120, 47, 120), ((0, 50), 0, 119, 48, 119), ((0, 51), 0, 118, 49, 118), ((0, 52), 0, 117, 50, 117), ((0, 53), 0, 116, 51, 116), ((0, 54), 0, 115, 52, 115), ((0, 55), 0, 114, 53, 114), ((0, 56), 0, 113, 54, 113), ((0, 57), 0, 112, 55, 112), ((0, 58), 0, 111, 56, 111), ((0, 59), 0, 110, 57, 110), ((0, 60), 0, 109, 58, 109), ((0, 61), 0, 108, 59, 108), ((0, 62), 0, 107, 60, 107), ((0, 63), 0, 106, 61, 106), ((0, 64), 0, 105, 62, 105), ((0, 65), 0, 104, 63, 104), ((0, 66), 0, 103, 64, 103), ((0, 67), 0, 102, 65, 102), ((0, 68), 0, 101, 66, 101), ((0, 69), 0, 100, 67, 100), ((0, 70), 0, 99, 68, 99), ((0, 71), 0, 98, 69, 98), ((0, 72), 0, 97, 70, 97), ((0, 73), 0, 96, 71, 96), ((0, 74), 0, 95, 72, 95), ((0, 75), 0, 94, 73, 94), ((0, 76), 0, 93, 74, 93), ((0, 77), 0, 92, 75, 92), ((0, 78), 0, 91, 76, 91), ((0, 79), 0, 90, 77, 90), ((0, 80), 0, 89, 78, 89), ((1, 80), 0, 88, 79, 88), ((2, 80), 0, 87, 80, 87), ((3, 80), 0, 86, 81, 86), ((4, 80), 0, 85, 82, 85), ((5, 80), 0, 84, 83, 84), ((6, 80), 0, 83, 84, 83), ((7, 80), 0, 82, 85, 82), ((8, 80), 0, 81, 86, 81), ((9, 80), 0, 80, 87, 80), ((10, 80), 0, 79, 88, 79), ((11, 80), 0, 78, 89, 78), ((12, 80), 0, 77, 90, 77), ((13, 80), 0, 76, 91, 76), ((14, 80), 0, 75, 92, 75), ((15, 80), 0, 74, 93, 74), ((16, 80), 0, 73, 94, 73), ((17, 80), 0, 72, 95, 72), ((18, 80), 0, 71, 96, 71), ((19, 80), 0, 70, 97, 70), ((20, 80), 0, 69, 98, 69), ((21, 80), 0, 68, 99, 68), ((22, 80), 0, 67, 100, 67), ((23, 80), 0, 66, 101, 66), ((24, 80), 0, 65, 102, 65), ((25, 80), 0, 64, 103, 64), ((26, 80), 0, 63, 104, 63), ((27, 80), 0, 62, 105, 62), ((28, 80), 0, 61, 106, 61), ((29, 80), 0, 60, 107, 60), ((30, 80), 0, 59, 108, 59), ((31, 80), 0, 58, 109, 58), ((32, 80), 0, 57, 110, 57), ((33, 80), 0, 56, 111, 56), ((34, 80), 0, 55, 112, 55), ((35, 80), 0, 54, 113, 54), ((36, 80), 0, 53, 114, 53), ((37, 80), 0, 52, 115, 52), ((38, 80), 0, 51, 116, 51), ((39, 80), 0, 50, 117, 50), ((40, 80), 0, 49, 118, 49), ((41, 80), 0, 48, 119, 48), ((42, 80), 0, 47, 120, 47), ((43, 80), 0, 46, 121, 46), ((44, 80), 0, 45, 122, 45), ((45, 80), 0, 44, 123, 44), ((46, 80), 0, 43, 124, 43), ((47, 80), 0, 42, 125, 42), ((48, 80), 0, 41, 126, 41), ((49, 80), 0, 40, 127, 40), ((50, 80), 0, 39, 128, 39), ((51, 80), 0, 38, 129, 38), ((52, 80), 0, 37, 130, 37), ((53, 80), 0, 36, 131, 36), ((54, 80), 0, 35, 132, 35), ((55, 80), 0, 34, 133, 34), ((56, 80), 0, 33, 134, 33), ((57, 80), 0, 32, 135, 32), ((58, 80), 0, 31, 136, 31), ((59, 80), 0, 30, 137, 30), ((60, 80), 0, 29, 138, 29), ((61, 80), 0, 28, 139, 28), ((62, 80), 0, 27, 140, 27), ((63, 80), 0, 26, 141, 26), ((64, 80), 0, 25, 142, 25), ((65, 80), 0, 24, 143, 24), ((66, 80), 0, 23, 144, 23), ((67, 80), 0, 22, 145, 22), ((68, 80), 0, 21, 146, 21), ((69, 80), 0, 20, 147, 20), ((70, 80), 0, 19, 148, 19), ((71, 80), 0, 18, 149, 18), ((72, 80), 0, 17, 150, 17), ((73, 80), 0, 16, 151, 16), ((74, 80), 0, 15, 152, 15), ((75, 80), 0, 14, 153, 14), ((76, 80), 0, 13, 154, 13), ((77, 80), 0, 12, 155, 12), ((78, 80), 0, 11, 156, 11), ((79, 80), 0, 10, 157, 10), ((80, 80), 0, 9, 158, 9), ((81, 80), 0, 8, 159, 8), ((82, 80), 0, 7, 160, 7), ((83, 80), 0, 6, 161, 6), ((84, 80), 0, 5, 162, 5), ((85, 80), 0, 4, 163, 4), ((86, 80), 0, 3, 164, 3), ((87, 80), 0, 2, 165, 2), ((88, 80), 0, 1, 166, 1), ((89, 80), 2, 0, 167, 0)]

greedy_best_first_search euclidean_distance -> Result:
total_distance: 167
time: 1.796875
checked_cells_no: 346
memory: 180
path: [((0, 2), 1, 118.3427226321923, 0, 118.3427226321923), ((1, 2), 0, 117.5925167687128, 1, 117.5925167687128), ((2, 2), 0, 116.84605256490268, 2, 116.84605256490268), ((3, 2), 0, 116.10340218959993, 3, 116.10340218959993), ((4, 2), 0, 115.36463929644994, 4, 115.36463929644994), ((5, 2), 0, 114.6298390472568, 5, 114.6298390472568), ((6, 2), 0, 113.89907813498755, 6, 113.89907813498755), ((7, 2), 0, 113.17243480636087, 7, 113.17243480636087), ((8, 2), 0, 112.44998888394787, 8, 112.44998888394787), ((9, 2), 0, 111.73182178770737, 9, 111.73182178770737), ((10, 2), 0, 111.01801655587259, 10, 111.01801655587259), ((11, 2), 0, 110.30865786510141, 11, 110.30865786510141), ((11, 3), 0, 109.60383204979651, 12, 109.60383204979651), ((12, 3), 0, 108.89444430272832, 13, 108.89444430272832), ((12, 4), 0, 108.18964830333815, 14, 108.18964830333815), ((13, 4), 0, 107.48023074035522, 15, 107.48023074035522), ((13, 5), 0, 106.77546534667971, 16, 106.77546534667971), ((14, 5), 0, 106.06601717798213, 17, 106.06601717798213), ((14, 6), 0, 105.3612832116238, 18, 105.3612832116238), ((15, 6), 0, 104.65180361560904, 19, 104.65180361560904), ((15, 7), 0, 103.9471019317037, 20, 103.9471019317037), ((16, 7), 0, 103.23759005323593, 21, 103.23759005323593), ((16, 8), 0, 102.53292154230269, 22, 102.53292154230269), ((17, 8), 0, 101.82337649086284, 23, 101.82337649086284), ((17, 9), 0, 101.11874208078342, 24, 101.11874208078342), ((18, 9), 0, 100.40916292848975, 25, 100.40916292848975), ((18, 10), 0, 99.70456358662827, 26, 99.70456358662827), ((19, 10), 0, 98.99494936611666, 27, 98.99494936611666), ((19, 11), 0, 98.29038610159185, 28, 98.29038610159185), ((20, 11), 0, 97.58073580374356, 29, 97.58073580374356), ((20, 12), 0, 96.87620966986684, 30, 96.87620966986684), ((21, 12), 0, 96.16652224137046, 31, 96.16652224137046), ((21, 13), 0, 95.46203433826454, 32, 95.46203433826454), ((22, 13), 0, 94.75230867899737, 33, 94.75230867899737), ((22, 14), 0, 94.04786015641186, 34, 94.04786015641186), ((23, 14), 0, 93.33809511662427, 35, 93.33809511662427), ((23, 15), 0, 92.63368717696602, 36, 92.63368717696602), ((24, 15), 0, 91.92388155425118, 37, 91.92388155425118), ((24, 16), 0, 91.21951545584969, 38, 91.21951545584969), ((25, 16), 0, 90.50966799187809, 39, 90.50966799187809), ((25, 17), 0, 89.80534505250787, 40, 89.80534505250787), ((26, 17), 0, 89.09545442950498, 41, 89.09545442950498), ((26, 18), 0, 88.3911760301898, 42, 88.3911760301898), ((27, 18), 0, 87.68124086713189, 43, 87.68124086713189), ((27, 19), 0, 86.97700845625813, 44, 86.97700845625813), ((28, 19), 0, 86.2670273047588, 45, 86.2670273047588), ((28, 20), 0, 85.56284240252891, 46, 85.56284240252891), ((29, 20), 0, 84.8528137423857, 47, 84.8528137423857), ((29, 21), 0, 84.1486779456457, 48, 84.1486779456457), ((30, 21), 0, 83.43860018001261, 49, 83.43860018001261), ((30, 22), 0, 82.73451516749222, 50, 82.73451516749222), ((31, 22), 0, 82.02438661763951, 51, 82.02438661763951), ((31, 23), 0, 81.32035415564789, 52, 81.32035415564789), ((32, 23), 0, 80.61017305526642, 53, 80.61017305526642), ((32, 24), 0, 79.90619500389191, 54, 79.90619500389191), ((33, 24), 0, 79.19595949289332, 55, 79.19595949289332), ((33, 25), 0, 78.49203781276162, 56, 78.49203781276162), ((34, 25), 0, 77.78174593052023, 57, 77.78174593052023), ((34, 26), 0, 77.07788269017254, 58, 77.07788269017254), ((35, 26), 0, 76.36753236814714, 59, 76.36753236814714), ((35, 27), 0, 75.66372975210778, 60, 75.66372975210778), ((36, 27), 0, 74.95331880577403, 61, 74.95331880577403), ((36, 28), 0, 74.24957912338628, 62, 74.24957912338628), ((37, 28), 0, 73.53910524340094, 63, 73.53910524340094), ((37, 29), 0, 72.83543093852057, 64, 72.83543093852057), ((38, 29), 0, 72.12489168102785, 65, 72.12489168102785), ((38, 30), 0, 71.42128534267638, 66, 71.42128534267638), ((39, 30), 0, 70.71067811865476, 67, 70.71067811865476), ((39, 31), 0, 70.00714249274856, 68, 70.00714249274856), ((40, 31), 0, 69.29646455628166, 69, 69.29646455628166), ((40, 32), 0, 68.59300255857006, 70, 68.59300255857006), ((41, 32), 0, 67.88225099390856, 71, 67.88225099390856), ((41, 33), 0, 67.17886572427373, 72, 67.17886572427373), ((42, 33), 0, 66.46803743153546, 73, 66.46803743153546), ((42, 34), 0, 65.76473218982953, 74, 65.76473218982953), ((43, 34), 0, 65.05382386916237, 75, 65.05382386916237), ((43, 35), 0, 64.35060217278468, 76, 64.35060217278468), ((44, 35), 0, 63.63961030678928, 77, 63.63961030678928), ((44, 36), 0, 62.93647591023825, 78, 62.93647591023825), ((45, 36), 0, 62.22539674441618, 79, 62.22539674441618), ((45, 37), 0, 61.5223536610881, 80, 61.5223536610881), ((46, 37), 0, 60.81118318204309, 81, 60.81118318204309), ((46, 38), 0, 60.108235708594876, 82, 60.108235708594876), ((47, 38), 0, 59.39696961966999, 83, 59.39696961966999), ((47, 39), 0, 58.69412236331676, 84, 58.69412236331676), ((48, 39), 0, 57.982756057296896, 85, 57.982756057296896), ((48, 40), 0, 57.28001396647874, 86, 57.28001396647874), ((49, 40), 0, 56.568542494923804, 87, 56.568542494923804), ((49, 41), 0, 55.86591089385369, 88, 55.86591089385369), ((50, 41), 0, 55.154328932550705, 89, 55.154328932550705), ((50, 42), 0, 54.45181356024793, 90, 54.45181356024793), ((51, 42), 0, 53.74011537017761, 91, 53.74011537017761), ((51, 43), 0, 53.03772242470448, 92, 53.03772242470448), ((52, 43), 0, 52.32590180780452, 93, 52.32590180780452), ((52, 44), 0, 51.62363799656123, 94, 51.62363799656123), ((53, 44), 0, 50.91168824543142, 95, 50.91168824543142), ((53, 45), 0, 50.20956084253277, 96, 50.20956084253277), ((54, 45), 0, 49.49747468305833, 97, 49.49747468305833), ((54, 46), 0, 48.79549159502341, 98, 48.79549159502341), ((55, 46), 0, 48.08326112068523, 99, 48.08326112068523), ((55, 47), 0, 47.38143096192854, 100, 47.38143096192854), ((56, 47), 0, 46.66904755831214, 101, 46.66904755831214), ((56, 48), 0, 45.967379738244816, 102, 45.967379738244816), ((57, 48), 0, 45.254833995939045, 103, 45.254833995939045), ((57, 49), 0, 44.553338819890925, 104, 44.553338819890925), ((58, 49), 0, 43.840620433565945, 105, 43.840620433565945), ((58, 50), 0, 43.139309220245984, 106, 43.139309220245984), ((59, 50), 0, 42.42640687119285, 107, 42.42640687119285), ((59, 51), 0, 41.72529209005013, 108, 41.72529209005013), ((60, 51), 0, 41.012193308819754, 109, 41.012193308819754), ((60, 52), 0, 40.311288741492746, 110, 40.311288741492746), ((61, 52), 0, 39.59797974644666, 111, 39.59797974644666), ((61, 53), 0, 38.897300677553446, 112, 38.897300677553446), ((62, 53), 0, 38.18376618407357, 113, 38.18376618407357), ((62, 54), 0, 37.48332962798263, 114, 37.48332962798263), ((63, 54), 0, 36.76955262170047, 115, 36.76955262170047), ((63, 55), 0, 36.069377593742864, 116, 36.069377593742864), ((64, 55), 0, 35.35533905932738, 117, 35.35533905932738), ((64, 56), 0, 34.655446902326915, 118, 34.655446902326915), ((65, 56), 0, 33.94112549695428, 119, 33.94112549695428), ((65, 57), 0, 33.24154027718932, 120, 33.24154027718932), ((66, 57), 0, 32.526911934581186, 121, 32.526911934581186), ((66, 58), 0, 31.827660925679098, 122, 31.827660925679098), ((67, 58), 0, 31.11269837220809, 123, 31.11269837220809), ((67, 59), 0, 30.4138126514911, 124, 30.4138126514911), ((68, 59), 0, 29.698484809834994, 125, 29.698484809834994), ((68, 60), 0, 29.0, 126, 29.0), ((69, 60), 0, 28.284271247461902, 127, 28.284271247461902), ((69, 61), 0, 27.586228448267445, 128, 27.586228448267445), ((70, 61), 0, 26.870057685088806, 129, 26.870057685088806), ((70, 62), 0, 26.1725046566048, 130, 26.1725046566048), ((71, 62), 0, 25.45584412271571, 131, 25.45584412271571), ((71, 63), 0, 24.758836806279895, 132, 24.758836806279895), ((72, 63), 0, 24.041630560342615, 133, 24.041630560342615), ((72, 64), 0, 23.345235059857504, 134, 23.345235059857504), ((73, 64), 0, 22.627416997969522, 135, 22.627416997969522), ((73, 65), 0, 21.93171219946131, 136, 21.93171219946131), ((74, 65), 0, 21.213203435596427, 137, 21.213203435596427), ((74, 66), 0, 20.518284528683193, 138, 20.518284528683193), ((75, 66), 0, 19.79898987322333, 139, 19.79898987322333), ((75, 67), 0, 19.1049731745428, 140, 19.1049731745428), ((76, 67), 0, 18.384776310850235, 141, 18.384776310850235), ((76, 68), 0, 17.69180601295413, 142, 17.69180601295413), ((77, 68), 0, 16.97056274847714, 143, 16.97056274847714), ((77, 69), 0, 16.278820596099706, 144, 16.278820596099706), ((78, 69), 0, 15.556349186104045, 145, 15.556349186104045), ((78, 70), 0, 14.866068747318506, 146, 14.866068747318506), ((79, 70), 0, 14.142135623730951, 147, 14.142135623730951), ((79, 71), 0, 13.45362404707371, 148, 13.45362404707371), ((80, 71), 0, 12.727922061357855, 149, 12.727922061357855), ((80, 72), 0, 12.041594578792296, 150, 12.041594578792296), ((81, 72), 0, 11.313708498984761, 151, 11.313708498984761), ((81, 73), 0, 10.63014581273465, 152, 10.63014581273465), ((82, 73), 0, 9.899494936611665, 153, 9.899494936611665), ((82, 74), 0, 9.219544457292887, 154, 9.219544457292887), ((83, 74), 0, 8.48528137423857, 155, 8.48528137423857), ((83, 75), 0, 7.810249675906654, 156, 7.810249675906654), ((84, 75), 0, 7.0710678118654755, 157, 7.0710678118654755), ((84, 76), 0, 6.4031242374328485, 158, 6.4031242374328485), ((85, 76), 0, 5.656854249492381, 159, 5.656854249492381), ((85, 77), 0, 5.0, 160, 5.0), ((86, 77), 0, 4.242640687119285, 161, 4.242640687119285), ((86, 78), 0, 3.605551275463989, 162, 3.605551275463989), ((87, 78), 0, 2.8284271247461903, 163, 2.8284271247461903), ((87, 79), 0, 2.23606797749979, 164, 2.23606797749979), ((88, 79), 0, 1.4142135623730951, 165, 1.4142135623730951), ((88, 80), 0, 1.0, 166, 1.0), ((89, 80), 2, 0.0, 167, 0.0)]

a_star chebyshev_distance -> Result:
total_distance: 167
time: 73.546875
checked_cells_no: 7376
memory: 171
path: [((0, 2), 1, 89, 0, 89), ((1, 2), 0, 89, 1, 88), ((2, 2), 0, 89, 2, 87), ((3, 2), 0, 89, 3, 86), ((4, 2), 0, 89, 4, 85), ((5, 2), 0, 89, 5, 84), ((6, 2), 0, 89, 6, 83), ((7, 2), 0, 89, 7, 82), ((8, 2), 0, 89, 8, 81), ((9, 2), 0, 89, 9, 80), ((10, 2), 0, 89, 10, 79), ((11, 2), 0, 89, 11, 78), ((11, 3), 0, 90, 12, 78), ((12, 3), 0, 90, 13, 77), ((12, 4), 0, 91, 14, 77), ((13, 4), 0, 91, 15, 76), ((13, 5), 0, 92, 16, 76), ((14, 5), 0, 92, 17, 75), ((14, 6), 0, 93, 18, 75), ((15, 6), 0, 93, 19, 74), ((15, 7), 0, 94, 20, 74), ((16, 7), 0, 94, 21, 73), ((16, 8), 0, 95, 22, 73), ((17, 8), 0, 95, 23, 72), ((17, 9), 0, 96, 24, 72), ((18, 9), 0, 96, 25, 71), ((18, 10), 0, 97, 26, 71), ((19, 10), 0, 97, 27, 70), ((19, 11), 0, 98, 28, 70), ((20, 11), 0, 98, 29, 69), ((20, 12), 0, 99, 30, 69), ((21, 12), 0, 99, 31, 68), ((21, 13), 0, 100, 32, 68), ((22, 13), 0, 100, 33, 67), ((22, 14), 0, 101, 34, 67), ((23, 14), 0, 101, 35, 66), ((23, 15), 0, 102, 36, 66), ((24, 15), 0, 102, 37, 65), ((24, 16), 0, 103, 38, 65), ((25, 16), 0, 103, 39, 64), ((25, 17), 0, 104, 40, 64), ((26, 17), 0, 104, 41, 63), ((26, 18), 0, 105, 42, 63), ((27, 18), 0, 105, 43, 62), ((27, 19), 0, 106, 44, 62), ((28, 19), 0, 106, 45, 61), ((28, 20), 0, 107, 46, 61), ((29, 20), 0, 107, 47, 60), ((29, 21), 0, 108, 48, 60), ((30, 21), 0, 108, 49, 59), ((30, 22), 0, 109, 50, 59), ((31, 22), 0, 109, 51, 58), ((31, 23), 0, 110, 52, 58), ((32, 23), 0, 110, 53, 57), ((32, 24), 0, 111, 54, 57), ((33, 24), 0, 111, 55, 56), ((33, 25), 0, 112, 56, 56), ((34, 25), 0, 112, 57, 55), ((34, 26), 0, 113, 58, 55), ((35, 26), 0, 113, 59, 54), ((35, 27), 0, 114, 60, 54), ((36, 27), 0, 114, 61, 53), ((36, 28), 0, 115, 62, 53), ((37, 28), 0, 115, 63, 52), ((37, 29), 0, 116, 64, 52), ((38, 29), 0, 116, 65, 51), ((38, 30), 0, 117, 66, 51), ((39, 30), 0, 117, 67, 50), ((39, 31), 0, 118, 68, 50), ((40, 31), 0, 118, 69, 49), ((40, 32), 0, 119, 70, 49), ((41, 32), 0, 119, 71, 48), ((41, 33), 0, 120, 72, 48), ((42, 33), 0, 120, 73, 47), ((42, 34), 0, 121, 74, 47), ((43, 34), 0, 121, 75, 46), ((43, 35), 0, 122, 76, 46), ((44, 35), 0, 122, 77, 45), ((44, 36), 0, 123, 78, 45), ((45, 36), 0, 123, 79, 44), ((45, 37), 0, 124, 80, 44), ((46, 37), 0, 124, 81, 43), ((46, 38), 0, 125, 82, 43), ((47, 38), 0, 125, 83, 42), ((47, 39), 0, 126, 84, 42), ((48, 39), 0, 126, 85, 41), ((48, 40), 0, 127, 86, 41), ((49, 40), 0, 127, 87, 40), ((49, 41), 0, 128, 88, 40), ((50, 41), 0, 128, 89, 39), ((50, 42), 0, 129, 90, 39), ((51, 42), 0, 129, 91, 38), ((51, 43), 0, 130, 92, 38), ((52, 43), 0, 130, 93, 37), ((52, 44), 0, 131, 94, 37), ((53, 44), 0, 131, 95, 36), ((53, 45), 0, 132, 96, 36), ((54, 45), 0, 132, 97, 35), ((54, 46), 0, 133, 98, 35), ((55, 46), 0, 133, 99, 34), ((55, 47), 0, 134, 100, 34), ((56, 47), 0, 134, 101, 33), ((56, 48), 0, 135, 102, 33), ((57, 48), 0, 135, 103, 32), ((57, 49), 0, 136, 104, 32), ((58, 49), 0, 136, 105, 31), ((58, 50), 0, 137, 106, 31), ((59, 50), 0, 137, 107, 30), ((59, 51), 0, 138, 108, 30), ((60, 51), 0, 138, 109, 29), ((60, 52), 0, 139, 110, 29), ((61, 52), 0, 139, 111, 28), ((61, 53), 0, 140, 112, 28), ((62, 53), 0, 140, 113, 27), ((62, 54), 0, 141, 114, 27), ((63, 54), 0, 141, 115, 26), ((63, 55), 0, 142, 116, 26), ((64, 55), 0, 142, 117, 25), ((64, 56), 0, 143, 118, 25), ((65, 56), 0, 143, 119, 24), ((65, 57), 0, 144, 120, 24), ((66, 57), 0, 144, 121, 23), ((66, 58), 0, 145, 122, 23), ((67, 58), 0, 145, 123, 22), ((67, 59), 0, 146, 124, 22), ((68, 59), 0, 146, 125, 21), ((68, 60), 0, 147, 126, 21), ((69, 60), 0, 147, 127, 20), ((69, 61), 0, 148, 128, 20), ((70, 61), 0, 148, 129, 19), ((70, 62), 0, 149, 130, 19), ((71, 62), 0, 149, 131, 18), ((71, 63), 0, 150, 132, 18), ((72, 63), 0, 150, 133, 17), ((72, 64), 0, 151, 134, 17), ((73, 64), 0, 151, 135, 16), ((73, 65), 0, 152, 136, 16), ((74, 65), 0, 152, 137, 15), ((74, 66), 0, 153, 138, 15), ((75, 66), 0, 153, 139, 14), ((75, 67), 0, 154, 140, 14), ((76, 67), 0, 154, 141, 13), ((76, 68), 0, 155, 142, 13), ((77, 68), 0, 155, 143, 12), ((77, 69), 0, 156, 144, 12), ((78, 69), 0, 156, 145, 11), ((78, 70), 0, 157, 146, 11), ((79, 70), 0, 157, 147, 10), ((79, 71), 0, 158, 148, 10), ((80, 71), 0, 158, 149, 9), ((80, 72), 0, 159, 150, 9), ((81, 72), 0, 159, 151, 8), ((81, 73), 0, 160, 152, 8), ((82, 73), 0, 160, 153, 7), ((82, 74), 0, 161, 154, 7), ((83, 74), 0, 161, 155, 6), ((83, 75), 0, 162, 156, 6), ((84, 75), 0, 162, 157, 5), ((84, 76), 0, 163, 158, 5), ((85, 76), 0, 163, 159, 4), ((85, 77), 0, 164, 160, 4), ((86, 77), 0, 164, 161, 3), ((86, 78), 0, 165, 162, 3), ((87, 78), 0, 165, 163, 2), ((87, 79), 0, 166, 164, 2), ((88, 79), 0, 166, 165, 1), ((88, 80), 0, 167, 166, 1), ((89, 80), 2, 167, 167, 0)]

a_star manhattan_distance -> Result:
total_distance: 167
time: 70.671875
checked_cells_no: 7288
memory: 257
path: [((0, 2), 1, 167, 0, 167), ((0, 3), 0, 167, 1, 166), ((0, 4), 0, 167, 2, 165), ((0, 5), 0, 167, 3, 164), ((0, 6), 0, 167, 4, 163), ((0, 7), 0, 167, 5, 162), ((0, 8), 0, 167, 6, 161), ((0, 9), 0, 167, 7, 160), ((0, 10), 0, 167, 8, 159), ((0, 11), 0, 167, 9, 158), ((0, 12), 0, 167, 10, 157), ((0, 13), 0, 167, 11, 156), ((0, 14), 0, 167, 12, 155), ((0, 15), 0, 167, 13, 154), ((0, 16), 0, 167, 14, 153), ((0, 17), 0, 167, 15, 152), ((0, 18), 0, 167, 16, 151), ((0, 19), 0, 167, 17, 150), ((0, 20), 0, 167, 18, 149), ((0, 21), 0, 167, 19, 148), ((0, 22), 0, 167, 20, 147), ((0, 23), 0, 167, 21, 146), ((0, 24), 0, 167, 22, 145), ((0, 25), 0, 167, 23, 144), ((0, 26), 0, 167, 24, 143), ((0, 27), 0, 167, 25, 142), ((0, 28), 0, 167, 26, 141), ((0, 29), 0, 167, 27, 140), ((0, 30), 0, 167, 28, 139), ((0, 31), 0, 167, 29, 138), ((0, 32), 0, 167, 30, 137), ((0, 33), 0, 167, 31, 136), ((0, 34), 0, 167, 32, 135), ((0, 35), 0, 167, 33, 134), ((0, 36), 0, 167, 34, 133), ((0, 37), 0, 167, 35, 132), ((0, 38), 0, 167, 36, 131), ((0, 39), 0, 167, 37, 130), ((0, 40), 0, 167, 38, 129), ((0, 41), 0, 167, 39, 128), ((0, 42), 0, 167, 40, 127), ((0, 43), 0, 167, 41, 126), ((0, 44), 0, 167, 42, 125), ((0, 45), 0, 167, 43, 124), ((0, 46), 0, 167, 44, 123), ((0, 47), 0, 167, 45, 122), ((0, 48), 0, 167, 46, 121), ((0, 49), 0, 167, 47, 120), ((0, 50), 0, 167, 48, 119), ((0, 51), 0, 167, 49, 118), ((0, 52), 0, 167, 50, 117), ((0, 53), 0, 167, 51, 116), ((0, 54), 0, 167, 52, 115), ((0, 55), 0, 167, 53, 114), ((0, 56), 0, 167, 54, 113), ((0, 57), 0, 167, 55, 112), ((0, 58), 0, 167, 56, 111), ((0, 59), 0, 167, 57, 110), ((0, 60), 0, 167, 58, 109), ((0, 61), 0, 167, 59, 108), ((0, 62), 0, 167, 60, 107), ((0, 63), 0, 167, 61, 106), ((0, 64), 0, 167, 62, 105), ((0, 65), 0, 167, 63, 104), ((0, 66), 0, 167, 64, 103), ((0, 67), 0, 167, 65, 102), ((0, 68), 0, 167, 66, 101), ((0, 69), 0, 167, 67, 100), ((0, 70), 0, 167, 68, 99), ((0, 71), 0, 167, 69, 98), ((0, 72), 0, 167, 70, 97), ((0, 73), 0, 167, 71, 96), ((0, 74), 0, 167, 72, 95), ((0, 75), 0, 167, 73, 94), ((0, 76), 0, 167, 74, 93), ((0, 77), 0, 167, 75, 92), ((0, 78), 0, 167, 76, 91), ((0, 79), 0, 167, 77, 90), ((0, 80), 0, 167, 78, 89), ((1, 80), 0, 167, 79, 88), ((2, 80), 0, 167, 80, 87), ((3, 80), 0, 167, 81, 86), ((4, 80), 0, 167, 82, 85), ((5, 80), 0, 167, 83, 84), ((6, 80), 0, 167, 84, 83), ((7, 80), 0, 167, 85, 82), ((8, 80), 0, 167, 86, 81), ((9, 80), 0, 167, 87, 80), ((10, 80), 0, 167, 88, 79), ((11, 80), 0, 167, 89, 78), ((12, 80), 0, 167, 90, 77), ((13, 80), 0, 167, 91, 76), ((14, 80), 0, 167, 92, 75), ((15, 80), 0, 167, 93, 74), ((16, 80), 0, 167, 94, 73), ((17, 80), 0, 167, 95, 72), ((18, 80), 0, 167, 96, 71), ((19, 80), 0, 167, 97, 70), ((20, 80), 0, 167, 98, 69), ((21, 80), 0, 167, 99, 68), ((22, 80), 0, 167, 100, 67), ((23, 80), 0, 167, 101, 66), ((24, 80), 0, 167, 102, 65), ((25, 80), 0, 167, 103, 64), ((26, 80), 0, 167, 104, 63), ((27, 80), 0, 167, 105, 62), ((28, 80), 0, 167, 106, 61), ((29, 80), 0, 167, 107, 60), ((30, 80), 0, 167, 108, 59), ((31, 80), 0, 167, 109, 58), ((32, 80), 0, 167, 110, 57), ((33, 80), 0, 167, 111, 56), ((34, 80), 0, 167, 112, 55), ((35, 80), 0, 167, 113, 54), ((36, 80), 0, 167, 114, 53), ((37, 80), 0, 167, 115, 52), ((38, 80), 0, 167, 116, 51), ((39, 80), 0, 167, 117, 50), ((40, 80), 0, 167, 118, 49), ((41, 80), 0, 167, 119, 48), ((42, 80), 0, 167, 120, 47), ((43, 80), 0, 167, 121, 46), ((44, 80), 0, 167, 122, 45), ((45, 80), 0, 167, 123, 44), ((46, 80), 0, 167, 124, 43), ((47, 80), 0, 167, 125, 42), ((48, 80), 0, 167, 126, 41), ((49, 80), 0, 167, 127, 40), ((50, 80), 0, 167, 128, 39), ((51, 80), 0, 167, 129, 38), ((52, 80), 0, 167, 130, 37), ((53, 80), 0, 167, 131, 36), ((54, 80), 0, 167, 132, 35), ((55, 80), 0, 167, 133, 34), ((56, 80), 0, 167, 134, 33), ((57, 80), 0, 167, 135, 32), ((58, 80), 0, 167, 136, 31), ((59, 80), 0, 167, 137, 30), ((60, 80), 0, 167, 138, 29), ((61, 80), 0, 167, 139, 28), ((62, 80), 0, 167, 140, 27), ((63, 80), 0, 167, 141, 26), ((64, 80), 0, 167, 142, 25), ((65, 80), 0, 167, 143, 24), ((66, 80), 0, 167, 144, 23), ((67, 80), 0, 167, 145, 22), ((68, 80), 0, 167, 146, 21), ((69, 80), 0, 167, 147, 20), ((70, 80), 0, 167, 148, 19), ((71, 80), 0, 167, 149, 18), ((72, 80), 0, 167, 150, 17), ((73, 80), 0, 167, 151, 16), ((74, 80), 0, 167, 152, 15), ((75, 80), 0, 167, 153, 14), ((76, 80), 0, 167, 154, 13), ((77, 80), 0, 167, 155, 12), ((78, 80), 0, 167, 156, 11), ((79, 80), 0, 167, 157, 10), ((80, 80), 0, 167, 158, 9), ((81, 80), 0, 167, 159, 8), ((82, 80), 0, 167, 160, 7), ((83, 80), 0, 167, 161, 6), ((84, 80), 0, 167, 162, 5), ((85, 80), 0, 167, 163, 4), ((86, 80), 0, 167, 164, 3), ((87, 80), 0, 167, 165, 2), ((88, 80), 0, 167, 166, 1), ((89, 80), 2, 167, 167, 0)]

a_star euclidean_distance -> Result:
total_distance: 167
time: 89.734375
checked_cells_no: 7375
memory: 172
path: [((0, 2), 1, 118.3427226321923, 0, 118.3427226321923), ((1, 2), 0, 118.5925167687128, 1, 117.5925167687128), ((2, 2), 0, 118.84605256490268, 2, 116.84605256490268), ((3, 2), 0, 119.10340218959993, 3, 116.10340218959993), ((4, 2), 0, 119.36463929644994, 4, 115.36463929644994), ((5, 2), 0, 119.6298390472568, 5, 114.6298390472568), ((6, 2), 0, 119.89907813498755, 6, 113.89907813498755), ((7, 2), 0, 120.17243480636087, 7, 113.17243480636087), ((8, 2), 0, 120.44998888394787, 8, 112.44998888394787), ((9, 2), 0, 120.73182178770737, 9, 111.73182178770737), ((10, 2), 0, 121.01801655587259, 10, 111.01801655587259), ((11, 2), 0, 121.30865786510141, 11, 110.30865786510141), ((11, 3), 0, 121.60383204979651, 12, 109.60383204979651), ((12, 3), 0, 121.89444430272832, 13, 108.89444430272832), ((12, 4), 0, 122.18964830333815, 14, 108.18964830333815), ((13, 4), 0, 122.48023074035522, 15, 107.48023074035522), ((13, 5), 0, 122.77546534667971, 16, 106.77546534667971), ((14, 5), 0, 123.06601717798213, 17, 106.06601717798213), ((14, 6), 0, 123.3612832116238, 18, 105.3612832116238), ((15, 6), 0, 123.65180361560904, 19, 104.65180361560904), ((15, 7), 0, 123.9471019317037, 20, 103.9471019317037), ((16, 7), 0, 124.23759005323593, 21, 103.23759005323593), ((16, 8), 0, 124.53292154230269, 22, 102.53292154230269), ((17, 8), 0, 124.82337649086284, 23, 101.82337649086284), ((17, 9), 0, 125.11874208078342, 24, 101.11874208078342), ((18, 9), 0, 125.40916292848975, 25, 100.40916292848975), ((18, 10), 0, 125.70456358662827, 26, 99.70456358662827), ((19, 10), 0, 125.99494936611666, 27, 98.99494936611666), ((19, 11), 0, 126.29038610159185, 28, 98.29038610159185), ((20, 11), 0, 126.58073580374356, 29, 97.58073580374356), ((20, 12), 0, 126.87620966986684, 30, 96.87620966986684), ((21, 12), 0, 127.16652224137046, 31, 96.16652224137046), ((21, 13), 0, 127.46203433826454, 32, 95.46203433826454), ((22, 13), 0, 127.75230867899737, 33, 94.75230867899737), ((22, 14), 0, 128.04786015641184, 34, 94.04786015641186), ((23, 14), 0, 128.3380951166243, 35, 93.33809511662427), ((23, 15), 0, 128.63368717696602, 36, 92.63368717696602), ((24, 15), 0, 128.92388155425118, 37, 91.92388155425118), ((24, 16), 0, 129.2195154558497, 38, 91.21951545584969), ((25, 16), 0, 129.50966799187808, 39, 90.50966799187809), ((25, 17), 0, 129.80534505250787, 40, 89.80534505250787), ((26, 17), 0, 130.09545442950497, 41, 89.09545442950498), ((26, 18), 0, 130.3911760301898, 42, 88.3911760301898), ((27, 18), 0, 130.6812408671319, 43, 87.68124086713189), ((27, 19), 0, 130.97700845625815, 44, 86.97700845625813), ((28, 19), 0, 131.2670273047588, 45, 86.2670273047588), ((28, 20), 0, 131.56284240252893, 46, 85.56284240252891), ((29, 20), 0, 131.8528137423857, 47, 84.8528137423857), ((29, 21), 0, 132.14867794564572, 48, 84.1486779456457), ((30, 21), 0, 132.4386001800126, 49, 83.43860018001261), ((30, 22), 0, 132.73451516749222, 50, 82.73451516749222), ((31, 22), 0, 133.0243866176395, 51, 82.02438661763951), ((31, 23), 0, 133.3203541556479, 52, 81.32035415564789), ((32, 23), 0, 133.61017305526642, 53, 80.61017305526642), ((32, 24), 0, 133.90619500389192, 54, 79.90619500389191), ((33, 24), 0, 134.19595949289334, 55, 79.19595949289332), ((33, 25), 0, 134.49203781276162, 56, 78.49203781276162), ((34, 25), 0, 134.78174593052023, 57, 77.78174593052023), ((34, 26), 0, 135.07788269017254, 58, 77.07788269017254), ((35, 26), 0, 135.36753236814712, 59, 76.36753236814714), ((35, 27), 0, 135.66372975210777, 60, 75.66372975210778), ((36, 27), 0, 135.95331880577402, 61, 74.95331880577403), ((36, 28), 0, 136.2495791233863, 62, 74.24957912338628), ((37, 28), 0, 136.53910524340094, 63, 73.53910524340094), ((37, 29), 0, 136.83543093852057, 64, 72.83543093852057), ((38, 29), 0, 137.12489168102786, 65, 72.12489168102785), ((38, 30), 0, 137.42128534267638, 66, 71.42128534267638), ((39, 30), 0, 137.71067811865476, 67, 70.71067811865476), ((39, 31), 0, 138.00714249274856, 68, 70.00714249274856), ((40, 31), 0, 138.29646455628165, 69, 69.29646455628166), ((40, 32), 0, 138.59300255857005, 70, 68.59300255857006), ((41, 32), 0, 138.88225099390854, 71, 67.88225099390856), ((41, 33), 0, 139.17886572427375, 72, 67.17886572427373), ((42, 33), 0, 139.46803743153546, 73, 66.46803743153546), ((42, 34), 0, 139.76473218982954, 74, 65.76473218982953), ((43, 34), 0, 140.0538238691624, 75, 65.05382386916237), ((43, 35), 0, 140.35060217278468, 76, 64.35060217278468), ((44, 35), 0, 140.63961030678928, 77, 63.63961030678928), ((44, 36), 0, 140.93647591023824, 78, 62.93647591023825), ((45, 36), 0, 141.22539674441617, 79, 62.22539674441618), ((45, 37), 0, 141.5223536610881, 80, 61.5223536610881), ((46, 37), 0, 141.8111831820431, 81, 60.81118318204309), ((46, 38), 0, 142.10823570859486, 82, 60.108235708594876), ((47, 38), 0, 142.39696961967, 83, 59.39696961966999), ((47, 39), 0, 142.69412236331675, 84, 58.69412236331676), ((48, 39), 0, 142.9827560572969, 85, 57.982756057296896), ((48, 40), 0, 143.28001396647875, 86, 57.28001396647874), ((49, 40), 0, 143.5685424949238, 87, 56.568542494923804), ((49, 41), 0, 143.86591089385368, 88, 55.86591089385369), ((50, 41), 0, 144.1543289325507, 89, 55.154328932550705), ((50, 42), 0, 144.45181356024793, 90, 54.45181356024793), ((51, 42), 0, 144.74011537017762, 91, 53.74011537017761), ((51, 43), 0, 145.03772242470447, 92, 53.03772242470448), ((52, 43), 0, 145.3259018078045, 93, 52.32590180780452), ((52, 44), 0, 145.62363799656123, 94, 51.62363799656123), ((53, 44), 0, 145.91168824543144, 95, 50.91168824543142), ((53, 45), 0, 146.20956084253277, 96, 50.20956084253277), ((54, 45), 0, 146.49747468305833, 97, 49.49747468305833), ((54, 46), 0, 146.7954915950234, 98, 48.79549159502341), ((55, 46), 0, 147.08326112068522, 99, 48.08326112068523), ((55, 47), 0, 147.38143096192854, 100, 47.38143096192854), ((56, 47), 0, 147.66904755831214, 101, 46.66904755831214), ((56, 48), 0, 147.9673797382448, 102, 45.967379738244816), ((57, 48), 0, 148.25483399593904, 103, 45.254833995939045), ((57, 49), 0, 148.55333881989094, 104, 44.553338819890925), ((58, 49), 0, 148.84062043356596, 105, 43.840620433565945), ((58, 50), 0, 149.139309220246, 106, 43.139309220245984), ((59, 50), 0, 149.42640687119285, 107, 42.42640687119285), ((59, 51), 0, 149.72529209005012, 108, 41.72529209005013), ((60, 51), 0, 150.01219330881975, 109, 41.012193308819754), ((60, 52), 0, 150.31128874149275, 110, 40.311288741492746), ((61, 52), 0, 150.59797974644667, 111, 39.59797974644666), ((61, 53), 0, 150.89730067755346, 112, 38.897300677553446), ((62, 53), 0, 151.18376618407356, 113, 38.18376618407357), ((62, 54), 0, 151.48332962798264, 114, 37.48332962798263), ((63, 54), 0, 151.76955262170048, 115, 36.76955262170047), ((63, 55), 0, 152.06937759374287, 116, 36.069377593742864), ((64, 55), 0, 152.35533905932738, 117, 35.35533905932738), ((64, 56), 0, 152.6554469023269, 118, 34.655446902326915), ((65, 56), 0, 152.94112549695427, 119, 33.94112549695428), ((65, 57), 0, 153.24154027718933, 120, 33.24154027718932), ((66, 57), 0, 153.5269119345812, 121, 32.526911934581186), ((66, 58), 0, 153.82766092567908, 122, 31.827660925679098), ((67, 58), 0, 154.1126983722081, 123, 31.11269837220809), ((67, 59), 0, 154.4138126514911, 124, 30.4138126514911), ((68, 59), 0, 154.698484809835, 125, 29.698484809834994), ((68, 60), 0, 155.0, 126, 29.0), ((69, 60), 0, 155.2842712474619, 127, 28.284271247461902), ((69, 61), 0, 155.58622844826743, 128, 27.586228448267445), ((70, 61), 0, 155.8700576850888, 129, 26.870057685088806), ((70, 62), 0, 156.17250465660481, 130, 26.1725046566048), ((71, 62), 0, 156.45584412271572, 131, 25.45584412271571), ((71, 63), 0, 156.7588368062799, 132, 24.758836806279895), ((72, 63), 0, 157.0416305603426, 133, 24.041630560342615), ((72, 64), 0, 157.34523505985752, 134, 23.345235059857504), ((73, 64), 0, 157.62741699796953, 135, 22.627416997969522), ((73, 65), 0, 157.93171219946132, 136, 21.93171219946131), ((74, 65), 0, 158.21320343559643, 137, 21.213203435596427), ((74, 66), 0, 158.51828452868318, 138, 20.518284528683193), ((75, 66), 0, 158.79898987322332, 139, 19.79898987322333), ((75, 67), 0, 159.1049731745428, 140, 19.1049731745428), ((76, 67), 0, 159.38477631085024, 141, 18.384776310850235), ((76, 68), 0, 159.69180601295415, 142, 17.69180601295413), ((77, 68), 0, 159.97056274847714, 143, 16.97056274847714), ((77, 69), 0, 160.2788205960997, 144, 16.278820596099706), ((78, 69), 0, 160.55634918610406, 145, 15.556349186104045), ((78, 70), 0, 160.8660687473185, 146, 14.866068747318506), ((79, 70), 0, 161.14213562373095, 147, 14.142135623730951), ((79, 71), 0, 161.4536240470737, 148, 13.45362404707371), ((80, 71), 0, 161.72792206135784, 149, 12.727922061357855), ((80, 72), 0, 162.04159457879229, 150, 12.041594578792296), ((81, 72), 0, 162.31370849898477, 151, 11.313708498984761), ((81, 73), 0, 162.63014581273464, 152, 10.63014581273465), ((82, 73), 0, 162.89949493661166, 153, 9.899494936611665), ((82, 74), 0, 163.2195444572929, 154, 9.219544457292887), ((83, 74), 0, 163.48528137423858, 155, 8.48528137423857), ((83, 75), 0, 163.81024967590665, 156, 7.810249675906654), ((84, 75), 0, 164.07106781186548, 157, 7.0710678118654755), ((84, 76), 0, 164.40312423743285, 158, 6.4031242374328485), ((85, 76), 0, 164.65685424949237, 159, 5.656854249492381), ((85, 77), 0, 165.0, 160, 5.0), ((86, 77), 0, 165.2426406871193, 161, 4.242640687119285), ((86, 78), 0, 165.605551275464, 162, 3.605551275463989), ((87, 78), 0, 165.82842712474618, 163, 2.8284271247461903), ((87, 79), 0, 166.2360679774998, 164, 2.23606797749979), ((88, 79), 0, 166.4142135623731, 165, 1.4142135623730951), ((88, 80), 0, 167.0, 166, 1.0), ((89, 80), 2, 167.0, 167, 0.0)]

